#Beta=6.800000e+00, ml=2.240000e-03, ms=4.480000e-02,  Nt=8, Ns=32^3 
#Iters 	 Current_Plaq 	 AvgPlaq 	 CurrentPolyakovLoop.real 	 CurrentPolyakovLoop.imag 	 AveragePolyakovLoop.real 	 AveragePolyakovLoop.imag 	  CurrentModPolyakovLoop 	 AverageModPolyakovLoop 	 CurrentBareFreeEnergy 	 AvgBareFreeEnergy
1 	 3.000000e+00 	 3.000000e+00 	 1.000000e+00 	 0.000000e+00 	 1.000000e+00 	 0.000000e+00 	 1.000000e+00 	 1.000000e+00 	 -0.000000e+00 	 -0.000000e+00 
2 	 2.533516e+00 	 2.766758e+00 	 6.879800e-01 	 3.771052e-06 	 8.439900e-01 	 1.885526e-06 	 6.879800e-01 	 8.439900e-01 	 3.739955e-01 	 1.696146e-01 
3 	 2.320689e+00 	 2.618068e+00 	 5.290988e-01 	 2.705547e-05 	 7.390263e-01 	 1.027551e-05 	 5.290988e-01 	 7.390263e-01 	 6.365801e-01 	 3.024218e-01 
4 	 2.200071e+00 	 2.513569e+00 	 4.337473e-01 	 -9.475543e-05 	 6.627065e-01 	 -1.598223e-05 	 4.337473e-01 	 6.627065e-01 	 8.352931e-01 	 4.114230e-01 
5 	 2.200071e+00 	 2.450869e+00 	 4.337473e-01 	 -9.475543e-05 	 6.169147e-01 	 -3.173687e-05 	 4.337473e-01 	 6.169147e-01 	 8.352931e-01 	 4.830245e-01 
6 	 2.200071e+00 	 2.409070e+00 	 4.337473e-01 	 -9.475543e-05 	 5.863868e-01 	 -4.223996e-05 	 4.337473e-01 	 5.863868e-01 	 8.352931e-01 	 5.337756e-01 
7 	 2.200071e+00 	 2.379213e+00 	 4.337473e-01 	 -9.475543e-05 	 5.645812e-01 	 -4.974217e-05 	 4.337473e-01 	 5.645812e-01 	 8.352931e-01 	 5.716711e-01 
8 	 2.200071e+00 	 2.356820e+00 	 4.337473e-01 	 -9.475543e-05 	 5.482269e-01 	 -5.536883e-05 	 4.337473e-01 	 5.482269e-01 	 8.352931e-01 	 6.010660e-01 
9 	 2.200071e+00 	 2.339403e+00 	 4.337473e-01 	 -9.475543e-05 	 5.355070e-01 	 -5.974511e-05 	 4.337473e-01 	 5.355070e-01 	 8.352931e-01 	 6.245414e-01 
10 	 2.200071e+00 	 2.325470e+00 	 4.337473e-01 	 -9.475543e-05 	 5.253310e-01 	 -6.324615e-05 	 4.337473e-01 	 5.253310e-01 	 8.352931e-01 	 6.437267e-01 
11 	 2.200071e+00 	 2.314070e+00 	 4.337473e-01 	 -9.475543e-05 	 5.170052e-01 	 -6.611063e-05 	 4.337473e-01 	 5.170052e-01 	 8.352931e-01 	 6.597023e-01 
12 	 2.122245e+00 	 2.298085e+00 	 3.703902e-01 	 -4.515626e-04 	 5.047873e-01 	 -9.823163e-05 	 3.703905e-01 	 5.047873e-01 	 9.931974e-01 	 6.836181e-01 
13 	 2.067948e+00 	 2.280382e+00 	 3.240086e-01 	 4.661065e-04 	 4.908812e-01 	 -5.482100e-05 	 3.240089e-01 	 4.908813e-01 	 1.126984e+00 	 7.115529e-01 
14 	 2.067948e+00 	 2.265208e+00 	 3.240086e-01 	 4.661065e-04 	 4.789618e-01 	 -1.761190e-05 	 3.240089e-01 	 4.789618e-01 	 1.126984e+00 	 7.361344e-01 
15 	 2.027470e+00 	 2.249359e+00 	 2.894808e-01 	 -8.895516e-04 	 4.663297e-01 	 -7.574121e-05 	 2.894822e-01 	 4.663299e-01 	 1.239661e+00 	 7.628620e-01 
16 	 2.027470e+00 	 2.235491e+00 	 2.894808e-01 	 -8.895516e-04 	 4.552766e-01 	 -1.266044e-04 	 2.894822e-01 	 4.552769e-01 	 1.239661e+00 	 7.868495e-01 
17 	 1.997403e+00 	 2.221486e+00 	 2.638589e-01 	 -2.257121e-03 	 4.440168e-01 	 -2.519289e-04 	 2.638685e-01 	 4.440176e-01 	 1.332304e+00 	 8.118911e-01 
18 	 1.973092e+00 	 2.207686e+00 	 2.418312e-01 	 -1.429558e-03 	 4.327842e-01 	 -3.173527e-04 	 2.418354e-01 	 4.327852e-01 	 1.419498e+00 	 8.375137e-01 
19 	 1.954596e+00 	 2.194365e+00 	 2.255762e-01 	 -3.481112e-04 	 4.218786e-01 	 -3.189716e-04 	 2.255765e-01 	 4.218795e-01 	 1.489096e+00 	 8.630355e-01 
20 	 1.938503e+00 	 2.181572e+00 	 2.113172e-01 	 -5.920410e-04 	 4.113505e-01 	 -3.326250e-04 	 2.113180e-01 	 4.113514e-01 	 1.554391e+00 	 8.883074e-01 
21 	 1.925664e+00 	 2.169386e+00 	 1.993214e-01 	 -8.493782e-04 	 4.012539e-01 	 -3.572323e-04 	 1.993232e-01 	 4.012548e-01 	 1.612828e+00 	 9.131585e-01 
22 	 1.925664e+00 	 2.158308e+00 	 1.993214e-01 	 -8.493782e-04 	 3.920751e-01 	 -3.796026e-04 	 1.993232e-01 	 3.920761e-01 	 1.612828e+00 	 9.362992e-01 
23 	 1.925664e+00 	 2.148193e+00 	 1.993214e-01 	 -8.493782e-04 	 3.836945e-01 	 -4.000276e-04 	 1.993232e-01 	 3.836956e-01 	 1.612828e+00 	 9.579058e-01 
24 	 1.915029e+00 	 2.138478e+00 	 1.914421e-01 	 -1.246155e-03 	 3.756840e-01 	 -4.352830e-04 	 1.914462e-01 	 3.756852e-01 	 1.653148e+00 	 9.790038e-01 
25 	 1.915029e+00 	 2.129540e+00 	 1.914421e-01 	 -1.246155e-03 	 3.683143e-01 	 -4.677179e-04 	 1.914462e-01 	 3.683156e-01 	 1.653148e+00 	 9.988150e-01 
26 	 1.915029e+00 	 2.121289e+00 	 1.914421e-01 	 -1.246155e-03 	 3.615116e-01 	 -4.976578e-04 	 1.914462e-01 	 3.615130e-01 	 1.653148e+00 	 1.017457e+00 
27 	 1.904894e+00 	 2.113275e+00 	 1.789962e-01 	 -1.032480e-03 	 3.547517e-01 	 -5.174660e-04 	 1.789992e-01 	 3.547532e-01 	 1.720374e+00 	 1.036333e+00 
28 	 1.904894e+00 	 2.105833e+00 	 1.789962e-01 	 -1.032480e-03 	 3.484747e-01 	 -5.358593e-04 	 1.789992e-01 	 3.484763e-01 	 1.720374e+00 	 1.054185e+00 
29 	 1.896239e+00 	 2.098605e+00 	 1.706850e-01 	 4.252885e-04 	 3.423441e-01 	 -5.027163e-04 	 1.706855e-01 	 3.423455e-01 	 1.767932e+00 	 1.071935e+00 
30 	 1.896239e+00 	 2.091860e+00 	 1.706850e-01 	 4.252885e-04 	 3.366221e-01 	 -4.717828e-04 	 1.706855e-01 	 3.366235e-01 	 1.767932e+00 	 1.088790e+00 
31 	 1.888467e+00 	 2.085299e+00 	 1.642209e-01 	 -1.922961e-04 	 3.310608e-01 	 -4.627671e-04 	 1.642210e-01 	 3.310622e-01 	 1.806542e+00 	 1.105449e+00 
32 	 1.881663e+00 	 2.078935e+00 	 1.584371e-01 	 -6.569176e-04 	 3.256663e-01 	 -4.688343e-04 	 1.584384e-01 	 3.256677e-01 	 1.842389e+00 	 1.121878e+00 
33 	 1.875390e+00 	 2.072767e+00 	 1.536432e-01 	 -1.247282e-03 	 3.204535e-01 	 -4.924236e-04 	 1.536483e-01 	 3.204550e-01 	 1.873089e+00 	 1.138014e+00 
34 	 1.875390e+00 	 2.066962e+00 	 1.536432e-01 	 -1.247282e-03 	 3.155473e-01 	 -5.146253e-04 	 1.536483e-01 	 3.155489e-01 	 1.873089e+00 	 1.153442e+00 
35 	 1.871237e+00 	 2.061370e+00 	 1.472972e-01 	 4.149932e-04 	 3.107401e-01 	 -4.880648e-04 	 1.472978e-01 	 3.107417e-01 	 1.915299e+00 	 1.168793e+00 
36 	 1.867247e+00 	 2.055977e+00 	 1.435950e-01 	 6.633779e-04 	 3.060972e-01 	 -4.560803e-04 	 1.435966e-01 	 3.060988e-01 	 1.940747e+00 	 1.183847e+00 
37 	 1.863236e+00 	 2.050768e+00 	 1.390527e-01 	 4.367809e-04 	 3.015825e-01 	 -4.319489e-04 	 1.390534e-01 	 3.015841e-01 	 1.972897e+00 	 1.198707e+00 
38 	 1.858885e+00 	 2.045719e+00 	 1.373092e-01 	 -8.158102e-04 	 2.972595e-01 	 -4.420505e-04 	 1.373117e-01 	 2.972611e-01 	 1.985502e+00 	 1.213144e+00 
39 	 1.856057e+00 	 2.040855e+00 	 1.334459e-01 	 -3.316695e-04 	 2.930592e-01 	 -4.392202e-04 	 1.334463e-01 	 2.930607e-01 	 2.014056e+00 	 1.227375e+00 
40 	 1.853572e+00 	 2.036173e+00 	 1.297838e-01 	 -3.024545e-04 	 2.889773e-01 	 -4.358011e-04 	 1.297841e-01 	 2.889788e-01 	 2.041883e+00 	 1.241402e+00 
41 	 1.851186e+00 	 2.031661e+00 	 1.260661e-01 	 -3.203420e-04 	 2.850038e-01 	 -4.329850e-04 	 1.260665e-01 	 2.850053e-01 	 2.070946e+00 	 1.255247e+00 
42 	 1.848857e+00 	 2.027309e+00 	 1.211784e-01 	 1.048904e-03 	 2.811032e-01 	 -3.977019e-04 	 1.211829e-01 	 2.811048e-01 	 2.110454e+00 	 1.269028e+00 
43 	 1.846317e+00 	 2.023100e+00 	 1.183288e-01 	 1.085204e-03 	 2.773178e-01 	 -3.632157e-04 	 1.183338e-01 	 2.773194e-01 	 2.134246e+00 	 1.282585e+00 
44 	 1.844637e+00 	 2.019044e+00 	 1.159893e-01 	 9.541110e-04 	 2.736512e-01 	 -3.332765e-04 	 1.159932e-01 	 2.736529e-01 	 2.154223e+00 	 1.295895e+00 
45 	 1.842635e+00 	 2.015124e+00 	 1.134412e-01 	 2.522599e-06 	 2.700910e-01 	 -3.258143e-04 	 1.134412e-01 	 2.700927e-01 	 2.176471e+00 	 1.308990e+00 
46 	 1.840834e+00 	 2.011335e+00 	 1.124791e-01 	 -4.856816e-04 	 2.666647e-01 	 -3.292897e-04 	 1.124802e-01 	 2.666663e-01 	 2.184978e+00 	 1.321757e+00 
47 	 1.839213e+00 	 2.007673e+00 	 1.111315e-01 	 -5.035684e-04 	 2.633554e-01 	 -3.329977e-04 	 1.111326e-01 	 2.633571e-01 	 2.197031e+00 	 1.334244e+00 
48 	 1.837512e+00 	 2.004128e+00 	 1.097846e-01 	 -1.279594e-03 	 2.601560e-01 	 -3.527185e-04 	 1.097920e-01 	 2.601578e-01 	 2.209167e+00 	 1.346467e+00 
49 	 1.837512e+00 	 2.000727e+00 	 1.097846e-01 	 -1.279594e-03 	 2.570872e-01 	 -3.716343e-04 	 1.097920e-01 	 2.570891e-01 	 2.209167e+00 	 1.358333e+00 
50 	 1.836349e+00 	 1.997440e+00 	 1.072228e-01 	 -5.002942e-04 	 2.540899e-01 	 -3.742075e-04 	 1.072240e-01 	 2.540918e-01 	 2.232836e+00 	 1.370060e+00 
51 	 1.834785e+00 	 1.994250e+00 	 1.069246e-01 	 -6.238543e-04 	 2.512044e-01 	 -3.791025e-04 	 1.069264e-01 	 2.512062e-01 	 2.235614e+00 	 1.381481e+00 
52 	 1.834654e+00 	 1.991181e+00 	 1.047044e-01 	 5.977066e-04 	 2.483870e-01 	 -3.603177e-04 	 1.047061e-01 	 2.483889e-01 	 2.256598e+00 	 1.392760e+00 
53 	 1.832900e+00 	 1.988195e+00 	 1.020156e-01 	 1.619816e-03 	 2.456253e-01 	 -3.229567e-04 	 1.020284e-01 	 2.456274e-01 	 2.282504e+00 	 1.403940e+00 
54 	 1.831869e+00 	 1.985300e+00 	 9.951018e-02 	 2.709367e-03 	 2.429195e-01 	 -2.668026e-04 	 9.954706e-02 	 2.429222e-01 	 2.307125e+00 	 1.415014e+00 
55 	 1.831117e+00 	 1.982497e+00 	 9.861537e-02 	 2.341273e-03 	 2.402958e-01 	 -2.193830e-04 	 9.864316e-02 	 2.402989e-01 	 2.316246e+00 	 1.425872e+00 
56 	 1.829910e+00 	 1.979772e+00 	 9.759529e-02 	 9.740660e-05 	 2.377475e-01 	 -2.137261e-04 	 9.759534e-02 	 2.377507e-01 	 2.326926e+00 	 1.436533e+00 
57 	 1.828801e+00 	 1.977123e+00 	 9.655641e-02 	 1.333444e-03 	 2.352705e-01 	 -1.865827e-04 	 9.656562e-02 	 2.352737e-01 	 2.337532e+00 	 1.447006e+00 
58 	 1.828984e+00 	 1.974569e+00 	 9.302824e-02 	 8.689521e-05 	 2.328181e-01 	 -1.818676e-04 	 9.302829e-02 	 2.328212e-01 	 2.374852e+00 	 1.457484e+00 
59 	 1.827108e+00 	 1.972070e+00 	 9.153849e-02 	 1.000332e-03 	 2.304235e-01 	 -1.618303e-04 	 9.154396e-02 	 2.304267e-01 	 2.390936e+00 	 1.467823e+00 
60 	 1.826844e+00 	 1.969649e+00 	 9.095553e-02 	 1.281564e-03 	 2.280990e-01 	 -1.377737e-04 	 9.096456e-02 	 2.281023e-01 	 2.397285e+00 	 1.477961e+00 
61 	 1.826844e+00 	 1.967308e+00 	 9.095553e-02 	 1.281564e-03 	 2.258508e-01 	 -1.145059e-04 	 9.096456e-02 	 2.258542e-01 	 2.397285e+00 	 1.487866e+00 
62 	 1.825677e+00 	 1.965024e+00 	 8.964932e-02 	 -9.366404e-04 	 2.236540e-01 	 -1.277661e-04 	 8.965421e-02 	 2.236574e-01 	 2.411795e+00 	 1.497640e+00 
63 	 1.824843e+00 	 1.962799e+00 	 8.787237e-02 	 -8.950313e-04 	 2.214987e-01 	 -1.399450e-04 	 8.787693e-02 	 2.215021e-01 	 2.431818e+00 	 1.507323e+00 
64 	 1.824565e+00 	 1.960639e+00 	 8.803067e-02 	 -1.394677e-03 	 2.194133e-01 	 -1.595502e-04 	 8.804172e-02 	 2.194168e-01 	 2.429945e+00 	 1.516782e+00 
65 	 1.823822e+00 	 1.958534e+00 	 8.836895e-02 	 -1.295855e-03 	 2.173972e-01 	 -1.770318e-04 	 8.837845e-02 	 2.174008e-01 	 2.426127e+00 	 1.526012e+00 
66 	 1.823157e+00 	 1.956483e+00 	 8.817914e-02 	 -5.296444e-04 	 2.154394e-01 	 -1.823744e-04 	 8.818073e-02 	 2.154430e-01 	 2.428367e+00 	 1.535059e+00 
67 	 1.822506e+00 	 1.954483e+00 	 8.771816e-02 	 -1.101632e-04 	 2.135331e-01 	 -1.812966e-04 	 8.771823e-02 	 2.135366e-01 	 2.433625e+00 	 1.543947e+00 
68 	 1.822330e+00 	 1.952540e+00 	 8.661479e-02 	 6.640676e-04 	 2.116666e-01 	 -1.688648e-04 	 8.661734e-02 	 2.116702e-01 	 2.446255e+00 	 1.552726e+00 
69 	 1.821184e+00 	 1.950636e+00 	 8.536116e-02 	 1.193540e-03 	 2.098361e-01 	 -1.491198e-04 	 8.536951e-02 	 2.098397e-01 	 2.460766e+00 	 1.561411e+00 
70 	 1.820002e+00 	 1.948770e+00 	 8.428536e-02 	 1.414897e-03 	 2.080425e-01 	 -1.267767e-04 	 8.429723e-02 	 2.080463e-01 	 2.473406e+00 	 1.569995e+00 
71 	 1.819856e+00 	 1.946954e+00 	 8.297660e-02 	 -1.701958e-04 	 2.062810e-01 	 -1.273882e-04 	 8.297677e-02 	 2.062847e-01 	 2.489195e+00 	 1.578498e+00 
72 	 1.819038e+00 	 1.945178e+00 	 8.241584e-02 	 3.558474e-04 	 2.045607e-01 	 -1.206766e-04 	 8.241661e-02 	 2.045643e-01 	 2.495968e+00 	 1.586873e+00 
73 	 1.818292e+00 	 1.943439e+00 	 8.292707e-02 	 7.044086e-04 	 2.028945e-01 	 -1.093741e-04 	 8.293006e-02 	 2.028981e-01 	 2.489758e+00 	 1.595051e+00 
74 	 1.817981e+00 	 1.941744e+00 	 8.076999e-02 	 5.703751e-04 	 2.012441e-01 	 -1.001883e-04 	 8.077201e-02 	 2.012478e-01 	 2.516125e+00 	 1.603219e+00 
75 	 1.818083e+00 	 1.940095e+00 	 7.899900e-02 	 1.422128e-03 	 1.996142e-01 	 -7.989074e-05 	 7.901180e-02 	 1.996179e-01 	 2.538158e+00 	 1.611350e+00 
76 	 1.817560e+00 	 1.938483e+00 	 8.092194e-02 	 1.871239e-03 	 1.980525e-01 	 -5.421797e-05 	 8.094357e-02 	 1.980564e-01 	 2.514003e+00 	 1.619203e+00 
77 	 1.817504e+00 	 1.936912e+00 	 8.177080e-02 	 3.778556e-05 	 1.965423e-01 	 -5.302312e-05 	 8.177081e-02 	 1.965462e-01 	 2.503835e+00 	 1.626858e+00 
78 	 1.817511e+00 	 1.935381e+00 	 7.922149e-02 	 -7.447784e-04 	 1.950382e-01 	 -6.189178e-05 	 7.922499e-02 	 1.950421e-01 	 2.535463e+00 	 1.634540e+00 
79 	 1.817372e+00 	 1.933887e+00 	 7.936381e-02 	 1.518223e-04 	 1.935740e-01 	 -5.918654e-05 	 7.936395e-02 	 1.935778e-01 	 2.533711e+00 	 1.642076e+00 
80 	 1.816874e+00 	 1.932425e+00 	 7.828811e-02 	 -2.110795e-03 	 1.921329e-01 	 -8.483164e-05 	 7.831656e-02 	 1.921371e-01 	 2.546996e+00 	 1.649546e+00 
81 	 1.817095e+00 	 1.931001e+00 	 7.897611e-02 	 -7.350436e-04 	 1.907359e-01 	 -9.285894e-05 	 7.897953e-02 	 1.907401e-01 	 2.538567e+00 	 1.656844e+00 
82 	 1.816596e+00 	 1.929606e+00 	 7.605243e-02 	 8.158478e-05 	 1.893373e-01 	 -9.073158e-05 	 7.605247e-02 	 1.893414e-01 	 2.576332e+00 	 1.664203e+00 
83 	 1.816130e+00 	 1.928238e+00 	 7.440648e-02 	 -1.503917e-04 	 1.879526e-01 	 -9.145038e-05 	 7.440663e-02 	 1.879567e-01 	 2.598210e+00 	 1.671544e+00 
84 	 1.815515e+00 	 1.926896e+00 	 7.319877e-02 	 -8.170822e-04 	 1.865865e-01 	 -1.000889e-04 	 7.320333e-02 	 1.865906e-01 	 2.614514e+00 	 1.678839e+00 
85 	 1.815516e+00 	 1.925586e+00 	 7.365871e-02 	 -1.252673e-03 	 1.852579e-01 	 -1.136487e-04 	 7.366936e-02 	 1.852621e-01 	 2.608168e+00 	 1.685984e+00 
86 	 1.815351e+00 	 1.924304e+00 	 7.661156e-02 	 -1.969703e-04 	 1.839946e-01 	 -1.146175e-04 	 7.661181e-02 	 1.839987e-01 	 2.569004e+00 	 1.692827e+00 
87 	 1.814787e+00 	 1.923045e+00 	 7.386554e-02 	 5.741461e-04 	 1.827287e-01 	 -1.067007e-04 	 7.386777e-02 	 1.827328e-01 	 2.605479e+00 	 1.699730e+00 
88 	 1.814514e+00 	 1.921812e+00 	 7.506625e-02 	 -7.608238e-05 	 1.815053e-01 	 -1.063528e-04 	 7.506629e-02 	 1.815093e-01 	 2.589384e+00 	 1.706448e+00 
89 	 1.814656e+00 	 1.920608e+00 	 7.372334e-02 	 9.628072e-04 	 1.802943e-01 	 -9.433973e-05 	 7.372963e-02 	 1.802983e-01 	 2.607351e+00 	 1.713142e+00 
90 	 1.814345e+00 	 1.919427e+00 	 7.257395e-02 	 4.721967e-04 	 1.790974e-01 	 -8.804488e-05 	 7.257548e-02 	 1.791014e-01 	 2.623128e+00 	 1.719803e+00 
91 	 1.814551e+00 	 1.918275e+00 	 7.226150e-02 	 -4.483731e-04 	 1.779234e-01 	 -9.200453e-05 	 7.226289e-02 	 1.779274e-01 	 2.627445e+00 	 1.726380e+00 
92 	 1.813784e+00 	 1.917139e+00 	 6.963889e-02 	 -8.548704e-04 	 1.767464e-01 	 -1.002965e-04 	 6.964414e-02 	 1.767504e-01 	 2.664357e+00 	 1.733017e+00 
93 	 1.813401e+00 	 1.916024e+00 	 6.965878e-02 	 5.778254e-05 	 1.755949e-01 	 -9.859677e-05 	 6.965880e-02 	 1.755989e-01 	 2.664146e+00 	 1.739553e+00 
94 	 1.812345e+00 	 1.914921e+00 	 6.711969e-02 	 8.572449e-04 	 1.744409e-01 	 -8.842825e-05 	 6.712517e-02 	 1.744449e-01 	 2.701196e+00 	 1.746146e+00 
95 	 1.812104e+00 	 1.913838e+00 	 6.795242e-02 	 -1.838033e-04 	 1.733200e-01 	 -8.943219e-05 	 6.795266e-02 	 1.733239e-01 	 2.688944e+00 	 1.752593e+00 
96 	 1.811650e+00 	 1.912774e+00 	 6.869056e-02 	 -4.951946e-04 	 1.722301e-01 	 -9.365889e-05 	 6.869235e-02 	 1.722340e-01 	 2.678117e+00 	 1.758901e+00 
97 	 1.811388e+00 	 1.911729e+00 	 6.775645e-02 	 -8.353184e-05 	 1.711530e-01 	 -9.355448e-05 	 6.775650e-02 	 1.711569e-01 	 2.691835e+00 	 1.765175e+00 
98 	 1.811273e+00 	 1.910704e+00 	 6.731578e-02 	 -4.579300e-04 	 1.700935e-01 	 -9.727260e-05 	 6.731734e-02 	 1.700973e-01 	 2.698337e+00 	 1.771385e+00 
99 	 1.811225e+00 	 1.909699e+00 	 6.768321e-02 	 1.560311e-04 	 1.690590e-01 	 -9.471398e-05 	 6.768339e-02 	 1.690628e-01 	 2.692914e+00 	 1.777485e+00 
100 	 1.810998e+00 	 1.908712e+00 	 6.664133e-02 	 -8.534391e-04 	 1.680348e-01 	 -1.023012e-04 	 6.664680e-02 	 1.680387e-01 	 2.708348e+00 	 1.783561e+00 
101 	 1.811000e+00 	 1.907744e+00 	 6.767732e-02 	 1.417049e-04 	 1.670412e-01 	 -9.988533e-05 	 6.767747e-02 	 1.670450e-01 	 2.693002e+00 	 1.789492e+00 
102 	 1.811032e+00 	 1.906796e+00 	 6.767483e-02 	 -9.985169e-04 	 1.660670e-01 	 -1.086954e-04 	 6.768220e-02 	 1.660709e-01 	 2.692932e+00 	 1.795341e+00 
103 	 1.811091e+00 	 1.905867e+00 	 6.824715e-02 	 -2.820671e-04 	 1.651173e-01 	 -1.103787e-04 	 6.824773e-02 	 1.651211e-01 	 2.684611e+00 	 1.801076e+00 
104 	 1.811096e+00 	 1.904956e+00 	 6.863302e-02 	 -4.275788e-04 	 1.641896e-01 	 -1.134287e-04 	 6.863435e-02 	 1.641934e-01 	 2.678962e+00 	 1.806711e+00 
105 	 1.812405e+00 	 1.904074e+00 	 6.732958e-02 	 5.196348e-04 	 1.632671e-01 	 -1.073995e-04 	 6.733159e-02 	 1.632709e-01 	 2.698126e+00 	 1.812345e+00 
106 	 1.812733e+00 	 1.903213e+00 	 6.679734e-02 	 6.947427e-04 	 1.623570e-01 	 -9.983211e-05 	 6.680095e-02 	 1.623608e-01 	 2.706038e+00 	 1.817934e+00 
107 	 1.812132e+00 	 1.902361e+00 	 6.562889e-02 	 6.690655e-04 	 1.614530e-01 	 -9.264615e-05 	 6.563230e-02 	 1.614568e-01 	 2.723687e+00 	 1.823518e+00 
108 	 1.812479e+00 	 1.901529e+00 	 6.516966e-02 	 2.771342e-04 	 1.605615e-01 	 -8.922226e-05 	 6.517024e-02 	 1.605652e-01 	 2.730752e+00 	 1.829055e+00 
109 	 1.811916e+00 	 1.900707e+00 	 6.462297e-02 	 1.954711e-04 	 1.596813e-01 	 -8.661039e-05 	 6.462327e-02 	 1.596850e-01 	 2.739181e+00 	 1.834552e+00 
110 	 1.811608e+00 	 1.899897e+00 	 6.524479e-02 	 5.122816e-04 	 1.588228e-01 	 -8.116592e-05 	 6.524680e-02 	 1.588265e-01 	 2.729578e+00 	 1.839943e+00 
111 	 1.810924e+00 	 1.899095e+00 	 6.727625e-02 	 6.097484e-04 	 1.579981e-01 	 -7.494146e-05 	 6.727902e-02 	 1.580017e-01 	 2.698907e+00 	 1.845149e+00 
112 	 1.810965e+00 	 1.898309e+00 	 6.597406e-02 	 9.478327e-05 	 1.571764e-01 	 -7.342607e-05 	 6.597413e-02 	 1.571801e-01 	 2.718493e+00 	 1.850363e+00 
113 	 1.810719e+00 	 1.897533e+00 	 6.695914e-02 	 -1.601625e-03 	 1.563780e-01 	 -8.694995e-05 	 6.697830e-02 	 1.563818e-01 	 2.703387e+00 	 1.855455e+00 
114 	 1.810129e+00 	 1.896767e+00 	 6.519339e-02 	 1.343810e-03 	 1.555782e-01 	 -7.439942e-05 	 6.520724e-02 	 1.555820e-01 	 2.730185e+00 	 1.860582e+00 
115 	 1.809963e+00 	 1.896012e+00 	 6.484232e-02 	 1.418084e-03 	 1.547892e-01 	 -6.142130e-05 	 6.485783e-02 	 1.547931e-01 	 2.735558e+00 	 1.865666e+00 
116 	 1.810069e+00 	 1.895271e+00 	 6.470997e-02 	 5.240959e-04 	 1.540126e-01 	 -5.637374e-05 	 6.471209e-02 	 1.540166e-01 	 2.737807e+00 	 1.870695e+00 
117 	 1.810201e+00 	 1.894544e+00 	 6.283700e-02 	 5.650578e-05 	 1.532333e-01 	 -5.540895e-05 	 6.283702e-02 	 1.532373e-01 	 2.767211e+00 	 1.875768e+00 
118 	 1.809561e+00 	 1.893824e+00 	 6.436613e-02 	 1.743515e-03 	 1.524802e-01 	 -4.016384e-05 	 6.438974e-02 	 1.524843e-01 	 2.742801e+00 	 1.880693e+00 
119 	 1.809869e+00 	 1.893118e+00 	 6.400176e-02 	 2.672415e-03 	 1.517367e-01 	 -1.736906e-05 	 6.405753e-02 	 1.517412e-01 	 2.747974e+00 	 1.885579e+00 
120 	 1.809620e+00 	 1.892422e+00 	 6.349183e-02 	 2.220017e-03 	 1.510013e-01 	 1.275828e-06 	 6.353063e-02 	 1.510062e-01 	 2.756233e+00 	 1.890435e+00 
121 	 1.809766e+00 	 1.891739e+00 	 6.261601e-02 	 8.885822e-04 	 1.502709e-01 	 8.608938e-06 	 6.262231e-02 	 1.502757e-01 	 2.770634e+00 	 1.895284e+00 
122 	 1.809110e+00 	 1.891062e+00 	 6.128013e-02 	 9.247267e-04 	 1.495414e-01 	 1.611810e-05 	 6.128711e-02 	 1.495463e-01 	 2.792186e+00 	 1.900149e+00 
123 	 1.808222e+00 	 1.890389e+00 	 6.028992e-02 	 1.199277e-03 	 1.488158e-01 	 2.573728e-05 	 6.030184e-02 	 1.488207e-01 	 2.808393e+00 	 1.905013e+00 
124 	 1.808293e+00 	 1.889727e+00 	 6.079273e-02 	 2.991408e-04 	 1.481060e-01 	 2.794215e-05 	 6.079346e-02 	 1.481108e-01 	 2.800273e+00 	 1.909794e+00 
125 	 1.808344e+00 	 1.889075e+00 	 5.973550e-02 	 -1.919315e-03 	 1.473990e-01 	 1.236409e-05 	 5.976632e-02 	 1.474041e-01 	 2.817313e+00 	 1.914578e+00 
126 	 1.808542e+00 	 1.888436e+00 	 5.922085e-02 	 -6.980401e-04 	 1.466992e-01 	 6.725960e-06 	 5.922497e-02 	 1.467042e-01 	 2.826412e+00 	 1.919337e+00 
127 	 1.808986e+00 	 1.887811e+00 	 5.970049e-02 	 -1.294021e-03 	 1.460141e-01 	 -3.516144e-06 	 5.971451e-02 	 1.460193e-01 	 2.818180e+00 	 1.924017e+00 
128 	 1.808514e+00 	 1.887191e+00 	 5.880699e-02 	 -1.191930e-03 	 1.453328e-01 	 -1.280063e-05 	 5.881907e-02 	 1.453380e-01 	 2.833289e+00 	 1.928693e+00 
129 	 1.808367e+00 	 1.886580e+00 	 5.846793e-02 	 -1.774576e-03 	 1.446595e-01 	 -2.645780e-05 	 5.849486e-02 	 1.446648e-01 	 2.838816e+00 	 1.933336e+00 
130 	 1.808762e+00 	 1.885982e+00 	 5.920190e-02 	 -1.003739e-04 	 1.440021e-01 	 -2.702639e-05 	 5.920198e-02 	 1.440074e-01 	 2.826800e+00 	 1.937890e+00 
131 	 1.808775e+00 	 1.885392e+00 	 6.017028e-02 	 4.790824e-04 	 1.433622e-01 	 -2.316296e-05 	 6.017219e-02 	 1.433675e-01 	 2.810545e+00 	 1.942344e+00 
132 	 1.809012e+00 	 1.884814e+00 	 6.061285e-02 	 2.718652e-04 	 1.427353e-01 	 -2.092790e-05 	 6.061346e-02 	 1.427405e-01 	 2.803238e+00 	 1.946727e+00 
133 	 1.809332e+00 	 1.884246e+00 	 6.144437e-02 	 -7.098766e-05 	 1.421241e-01 	 -2.130429e-05 	 6.144441e-02 	 1.421293e-01 	 2.789622e+00 	 1.951018e+00 
134 	 1.808102e+00 	 1.883678e+00 	 6.086392e-02 	 -1.459434e-03 	 1.415176e-01 	 -3.203660e-05 	 6.088141e-02 	 1.415230e-01 	 2.798827e+00 	 1.955293e+00 
135 	 1.808295e+00 	 1.883119e+00 	 5.961674e-02 	 6.193231e-04 	 1.409110e-01 	 -2.721171e-05 	 5.961996e-02 	 1.409163e-01 	 2.819765e+00 	 1.959589e+00 
136 	 1.808614e+00 	 1.882572e+00 	 5.807127e-02 	 7.644506e-04 	 1.403019e-01 	 -2.139067e-05 	 5.807630e-02 	 1.403071e-01 	 2.845998e+00 	 1.963921e+00 
137 	 1.808206e+00 	 1.882029e+00 	 6.043849e-02 	 3.473286e-04 	 1.397189e-01 	 -1.869929e-05 	 6.043949e-02 	 1.397242e-01 	 2.806113e+00 	 1.968085e+00 
138 	 1.808167e+00 	 1.881493e+00 	 6.033224e-02 	 1.117000e-03 	 1.391436e-01 	 -1.046958e-05 	 6.034258e-02 	 1.391489e-01 	 2.807717e+00 	 1.972210e+00 
139 	 1.808429e+00 	 1.880968e+00 	 5.827942e-02 	 1.549986e-03 	 1.385619e-01 	 7.567178e-07 	 5.830002e-02 	 1.385673e-01 	 2.842153e+00 	 1.976399e+00 
140 	 1.808911e+00 	 1.880453e+00 	 5.739249e-02 	 5.980276e-04 	 1.379821e-01 	 5.022938e-06 	 5.739561e-02 	 1.379875e-01 	 2.857788e+00 	 1.980592e+00 
141 	 1.808598e+00 	 1.879944e+00 	 5.596164e-02 	 8.358040e-04 	 1.374004e-01 	 1.091500e-05 	 5.596788e-02 	 1.374058e-01 	 2.882977e+00 	 1.984817e+00 
142 	 1.807498e+00 	 1.879433e+00 	 5.498555e-02 	 -1.110974e-03 	 1.368200e-01 	 3.014379e-06 	 5.499677e-02 	 1.368255e-01 	 2.900481e+00 	 1.989049e+00 
143 	 1.807450e+00 	 1.878930e+00 	 5.512196e-02 	 -8.490731e-04 	 1.362487e-01 	 -2.944274e-06 	 5.512850e-02 	 1.362541e-01 	 2.898089e+00 	 1.993233e+00 
144 	 1.807523e+00 	 1.878434e+00 	 5.370559e-02 	 -1.347444e-03 	 1.356755e-01 	 -1.228108e-05 	 5.372250e-02 	 1.356810e-01 	 2.923923e+00 	 1.997449e+00 
145 	 1.807168e+00 	 1.877943e+00 	 5.424340e-02 	 -2.685379e-04 	 1.351139e-01 	 -1.404837e-05 	 5.424406e-02 	 1.351194e-01 	 2.914262e+00 	 2.001597e+00 
146 	 1.806973e+00 	 1.877457e+00 	 5.525465e-02 	 3.675446e-04 	 1.345669e-01 	 -1.143472e-05 	 5.525588e-02 	 1.345724e-01 	 2.895781e+00 	 2.005653e+00 
147 	 1.807717e+00 	 1.876982e+00 	 5.556978e-02 	 1.030407e-04 	 1.340295e-01 	 -1.065597e-05 	 5.556988e-02 	 1.340349e-01 	 2.890114e+00 	 2.009655e+00 
148 	 1.806911e+00 	 1.876509e+00 	 5.482329e-02 	 1.920808e-03 	 1.334943e-01 	 2.394454e-06 	 5.485693e-02 	 1.334999e-01 	 2.903027e+00 	 2.013654e+00 
149 	 1.807509e+00 	 1.876046e+00 	 5.477843e-02 	 5.036440e-04 	 1.329660e-01 	 5.758545e-06 	 5.478074e-02 	 1.329716e-01 	 2.904417e+00 	 2.017619e+00 
150 	 1.807781e+00 	 1.875590e+00 	 5.465202e-02 	 -4.095983e-04 	 1.324439e-01 	 2.989500e-06 	 5.465356e-02 	 1.324495e-01 	 2.906741e+00 	 2.021554e+00 
151 	 1.808049e+00 	 1.875143e+00 	 5.485794e-02 	 -2.940620e-05 	 1.319301e-01 	 2.774959e-06 	 5.485795e-02 	 1.319357e-01 	 2.903008e+00 	 2.025441e+00 
152 	 1.807628e+00 	 1.874699e+00 	 5.479710e-02 	 -1.473212e-03 	 1.314227e-01 	 -6.935482e-06 	 5.481690e-02 	 1.314283e-01 	 2.903757e+00 	 2.029294e+00 
153 	 1.807966e+00 	 1.874263e+00 	 5.488198e-02 	 -1.079903e-03 	 1.309224e-01 	 -1.394834e-05 	 5.489261e-02 	 1.309281e-01 	 2.902377e+00 	 2.033107e+00 
154 	 1.807931e+00 	 1.873832e+00 	 5.543115e-02 	 -8.325047e-04 	 1.304322e-01 	 -1.926364e-05 	 5.543740e-02 	 1.304379e-01 	 2.892501e+00 	 2.036858e+00 
155 	 1.807810e+00 	 1.873406e+00 	 5.494231e-02 	 1.326867e-03 	 1.299452e-01 	 -1.057893e-05 	 5.495833e-02 	 1.299509e-01 	 2.901180e+00 	 2.040599e+00 
156 	 1.807309e+00 	 1.872982e+00 	 5.593403e-02 	 1.102873e-03 	 1.294707e-01 	 -3.441417e-06 	 5.594490e-02 	 1.294765e-01 	 2.883388e+00 	 2.044256e+00 
157 	 1.807192e+00 	 1.872563e+00 	 5.483818e-02 	 -4.709468e-04 	 1.289954e-01 	 -6.419158e-06 	 5.484020e-02 	 1.290011e-01 	 2.903332e+00 	 2.047934e+00 
158 	 1.807428e+00 	 1.872151e+00 	 5.482001e-02 	 -8.482809e-04 	 1.285259e-01 	 -1.174740e-05 	 5.482657e-02 	 1.285317e-01 	 2.903580e+00 	 2.051580e+00 
159 	 1.807078e+00 	 1.871742e+00 	 5.439450e-02 	 -1.021124e-03 	 1.280597e-01 	 -1.809568e-05 	 5.440409e-02 	 1.280654e-01 	 2.911316e+00 	 2.055214e+00 
160 	 1.807128e+00 	 1.871338e+00 	 5.453514e-02 	 -1.648186e-03 	 1.276001e-01 	 -2.828374e-05 	 5.456004e-02 	 1.276060e-01 	 2.908454e+00 	 2.058808e+00 
161 	 1.807128e+00 	 1.870939e+00 	 5.453514e-02 	 -1.648186e-03 	 1.271463e-01 	 -3.834525e-05 	 5.456004e-02 	 1.271523e-01 	 2.908454e+00 	 2.062369e+00 
162 	 1.807830e+00 	 1.870550e+00 	 5.436587e-02 	 -3.409271e-03 	 1.266971e-01 	 -5.915343e-05 	 5.447266e-02 	 1.267037e-01 	 2.910056e+00 	 2.065904e+00 
163 	 1.806964e+00 	 1.870160e+00 	 5.454621e-02 	 -2.960927e-03 	 1.262544e-01 	 -7.695573e-05 	 5.462652e-02 	 1.262615e-01 	 2.907236e+00 	 2.069400e+00 
164 	 1.807501e+00 	 1.869778e+00 	 5.329207e-02 	 -2.634719e-03 	 1.258095e-01 	 -9.255185e-05 	 5.335716e-02 	 1.258170e-01 	 2.930747e+00 	 2.072927e+00 
165 	 1.807052e+00 	 1.869397e+00 	 5.388521e-02 	 -2.488286e-03 	 1.253736e-01 	 -1.070714e-04 	 5.394263e-02 	 1.253814e-01 	 2.919834e+00 	 2.076395e+00 
166 	 1.807056e+00 	 1.869022e+00 	 5.354368e-02 	 -2.094137e-03 	 1.249409e-01 	 -1.190417e-04 	 5.358462e-02 	 1.249489e-01 	 2.926493e+00 	 2.079851e+00 
167 	 1.806866e+00 	 1.868650e+00 	 5.351909e-02 	 -2.654792e-03 	 1.245132e-01 	 -1.342259e-04 	 5.358490e-02 	 1.245215e-01 	 2.926488e+00 	 2.083277e+00 
168 	 1.807197e+00 	 1.868284e+00 	 5.376615e-02 	 -2.368735e-03 	 1.240921e-01 	 -1.475265e-04 	 5.381830e-02 	 1.241007e-01 	 2.922142e+00 	 2.086662e+00 
169 	 1.807165e+00 	 1.867922e+00 	 5.346197e-02 	 -3.392038e-03 	 1.236742e-01 	 -1.667248e-04 	 5.356947e-02 	 1.236833e-01 	 2.926776e+00 	 2.090031e+00 
170 	 1.806428e+00 	 1.867560e+00 	 5.064402e-02 	 -2.682067e-03 	 1.232446e-01 	 -1.815209e-04 	 5.071499e-02 	 1.232541e-01 	 2.981534e+00 	 2.093507e+00 
171 	 1.805634e+00 	 1.867198e+00 	 5.109390e-02 	 -1.183287e-03 	 1.228227e-01 	 -1.873792e-04 	 5.110760e-02 	 1.228322e-01 	 2.973822e+00 	 2.096936e+00 
172 	 1.805546e+00 	 1.866840e+00 	 5.064791e-02 	 1.650774e-04 	 1.224031e-01 	 -1.853300e-04 	 5.064818e-02 	 1.224125e-01 	 2.982852e+00 	 2.100359e+00 
173 	 1.806003e+00 	 1.866488e+00 	 5.173537e-02 	 7.361755e-05 	 1.219946e-01 	 -1.838332e-04 	 5.173542e-02 	 1.220040e-01 	 2.961613e+00 	 2.103702e+00 
174 	 1.806199e+00 	 1.866142e+00 	 5.052688e-02 	 -8.150056e-04 	 1.215838e-01 	 -1.874607e-04 	 5.053345e-02 	 1.215932e-01 	 2.985120e+00 	 2.107074e+00 
175 	 1.806379e+00 	 1.865800e+00 	 4.979044e-02 	 -2.542968e-03 	 1.211736e-01 	 -2.009207e-04 	 4.985534e-02 	 1.211833e-01 	 2.998630e+00 	 2.110451e+00 
176 	 1.806415e+00 	 1.865463e+00 	 4.911710e-02 	 -4.060265e-03 	 1.207642e-01 	 -2.228488e-04 	 4.928464e-02 	 1.207748e-01 	 3.010143e+00 	 2.113828e+00 
177 	 1.806455e+00 	 1.865129e+00 	 4.896404e-02 	 -2.072105e-03 	 1.203585e-01 	 -2.332966e-04 	 4.900787e-02 	 1.203693e-01 	 3.015774e+00 	 2.117191e+00 
178 	 1.806769e+00 	 1.864802e+00 	 4.925983e-02 	 -2.352055e-03 	 1.199591e-01 	 -2.451997e-04 	 4.931595e-02 	 1.199701e-01 	 3.009508e+00 	 2.120512e+00 
179 	 1.806899e+00 	 1.864478e+00 	 5.050169e-02 	 -1.927004e-04 	 1.195711e-01 	 -2.449064e-04 	 5.050206e-02 	 1.195821e-01 	 2.985741e+00 	 2.123753e+00 
180 	 1.806481e+00 	 1.864156e+00 	 4.993514e-02 	 -1.394514e-03 	 1.191842e-01 	 -2.512931e-04 	 4.995461e-02 	 1.191952e-01 	 2.996640e+00 	 2.126993e+00 
181 	 1.806735e+00 	 1.863839e+00 	 4.942028e-02 	 -6.644626e-04 	 1.187988e-01 	 -2.535758e-04 	 4.942474e-02 	 1.188098e-01 	 3.007304e+00 	 2.130232e+00 
182 	 1.807081e+00 	 1.863527e+00 	 4.934418e-02 	 -2.165699e-03 	 1.184171e-01 	 -2.640820e-04 	 4.939168e-02 	 1.184283e-01 	 3.007973e+00 	 2.133447e+00 
183 	 1.806968e+00 	 1.863218e+00 	 4.893349e-02 	 -2.628207e-03 	 1.180375e-01 	 -2.770007e-04 	 4.900402e-02 	 1.180490e-01 	 3.015853e+00 	 2.136656e+00 
184 	 1.806617e+00 	 1.862910e+00 	 4.887801e-02 	 -2.360506e-03 	 1.176616e-01 	 -2.883241e-04 	 4.893498e-02 	 1.176734e-01 	 3.017263e+00 	 2.139843e+00 
185 	 1.807108e+00 	 1.862608e+00 	 4.931939e-02 	 -2.099158e-03 	 1.172922e-01 	 -2.981124e-04 	 4.936404e-02 	 1.173041e-01 	 3.008533e+00 	 2.142985e+00 
186 	 1.806180e+00 	 1.862305e+00 	 5.068954e-02 	 -1.755379e-03 	 1.169341e-01 	 -3.059472e-04 	 5.071993e-02 	 1.169461e-01 	 2.981436e+00 	 2.146042e+00 
187 	 1.806593e+00 	 1.862007e+00 	 4.819428e-02 	 -7.682204e-04 	 1.165665e-01 	 -3.084192e-04 	 4.820041e-02 	 1.165785e-01 	 3.032388e+00 	 2.149190e+00 
188 	 1.806642e+00 	 1.861713e+00 	 4.691194e-02 	 6.201391e-04 	 1.161960e-01 	 -3.034801e-04 	 4.691604e-02 	 1.162080e-01 	 3.059396e+00 	 2.152374e+00 
189 	 1.806456e+00 	 1.861420e+00 	 4.866515e-02 	 5.082788e-04 	 1.158387e-01 	 -2.991851e-04 	 4.866780e-02 	 1.158506e-01 	 3.022738e+00 	 2.155454e+00 
190 	 1.806336e+00 	 1.861130e+00 	 4.797384e-02 	 1.256442e-04 	 1.154815e-01 	 -2.969491e-04 	 4.797400e-02 	 1.154934e-01 	 3.037096e+00 	 2.158542e+00 
191 	 1.806238e+00 	 1.860843e+00 	 4.793295e-02 	 6.311576e-04 	 1.151278e-01 	 -2.920899e-04 	 4.793710e-02 	 1.151397e-01 	 3.037866e+00 	 2.161609e+00 
192 	 1.805697e+00 	 1.860556e+00 	 4.712591e-02 	 3.425318e-04 	 1.147737e-01 	 -2.887846e-04 	 4.712716e-02 	 1.147854e-01 	 3.054906e+00 	 2.164691e+00 
193 	 1.805291e+00 	 1.860269e+00 	 4.719228e-02 	 -1.181171e-03 	 1.144235e-01 	 -2.934084e-04 	 4.720706e-02 	 1.144353e-01 	 3.053212e+00 	 2.167746e+00 
194 	 1.805416e+00 	 1.859987e+00 	 4.787521e-02 	 -1.924359e-03 	 1.140805e-01 	 -3.018153e-04 	 4.791387e-02 	 1.140924e-01 	 3.038350e+00 	 2.170747e+00 
195 	 1.806428e+00 	 1.859712e+00 	 4.809304e-02 	 -1.518739e-03 	 1.137421e-01 	 -3.080560e-04 	 4.811702e-02 	 1.137541e-01 	 3.034119e+00 	 2.173717e+00 
196 	 1.806396e+00 	 1.859440e+00 	 4.809198e-02 	 -4.079019e-03 	 1.134071e-01 	 -3.272956e-04 	 4.826466e-02 	 1.134199e-01 	 3.031056e+00 	 2.176658e+00 
197 	 1.806790e+00 	 1.859173e+00 	 4.749210e-02 	 -2.665702e-03 	 1.130725e-01 	 -3.391657e-04 	 4.756685e-02 	 1.130857e-01 	 3.045619e+00 	 2.179610e+00 
198 	 1.807288e+00 	 1.858911e+00 	 4.966836e-02 	 -1.808319e-03 	 1.127523e-01 	 -3.465856e-04 	 4.970126e-02 	 1.127655e-01 	 3.001725e+00 	 2.182445e+00 
199 	 1.807454e+00 	 1.858652e+00 	 5.045923e-02 	 -1.068120e-03 	 1.124393e-01 	 -3.502114e-04 	 5.047053e-02 	 1.124525e-01 	 2.986366e+00 	 2.185224e+00 
200 	 1.806716e+00 	 1.806716e+00 	 5.189928e-02 	 -1.178371e-03 	 5.189928e-02 	 -1.178371e-03 	 5.191266e-02 	 5.191266e-02 	 2.958193e+00 	 2.958193e+00 
201 	 1.806504e+00 	 1.806610e+00 	 5.082256e-02 	 -2.290648e-03 	 5.136092e-02 	 -1.734509e-03 	 5.087416e-02 	 5.139341e-02 	 2.978400e+00 	 2.968245e+00 
202 	 1.807062e+00 	 1.806761e+00 	 4.946299e-02 	 -1.615626e-03 	 5.072828e-02 	 -1.694882e-03 	 4.948937e-02 	 5.075873e-02 	 3.005997e+00 	 2.980672e+00 
203 	 1.807095e+00 	 1.806844e+00 	 5.046133e-02 	 -1.273210e-03 	 5.066154e-02 	 -1.589464e-03 	 5.047739e-02 	 5.068839e-02 	 2.986230e+00 	 2.982058e+00 
204 	 1.807658e+00 	 1.807007e+00 	 4.878717e-02 	 -3.777912e-04 	 5.028667e-02 	 -1.347129e-03 	 4.878863e-02 	 5.030844e-02 	 3.020258e+00 	 2.989582e+00 
205 	 1.806774e+00 	 1.806968e+00 	 4.745690e-02 	 -1.608277e-03 	 4.981504e-02 	 -1.390654e-03 	 4.748414e-02 	 4.983773e-02 	 3.047359e+00 	 2.998983e+00 
206 	 1.806523e+00 	 1.806904e+00 	 4.807679e-02 	 -2.750106e-04 	 4.956672e-02 	 -1.231276e-03 	 4.807757e-02 	 4.958628e-02 	 3.034939e+00 	 3.004041e+00 
207 	 1.806833e+00 	 1.806896e+00 	 4.888680e-02 	 -1.944106e-04 	 4.948173e-02 	 -1.101668e-03 	 4.888719e-02 	 4.949889e-02 	 3.018240e+00 	 3.005805e+00 
208 	 1.806338e+00 	 1.806834e+00 	 4.705695e-02 	 -6.568251e-04 	 4.921231e-02 	 -1.052241e-03 	 4.706154e-02 	 4.922807e-02 	 3.056299e+00 	 3.011291e+00 
209 	 1.806478e+00 	 1.806798e+00 	 4.694963e-02 	 -1.847192e-03 	 4.898604e-02 	 -1.131736e-03 	 4.698595e-02 	 4.900386e-02 	 3.057907e+00 	 3.015856e+00 
210 	 1.806626e+00 	 1.806782e+00 	 4.697434e-02 	 -1.414716e-03 	 4.880316e-02 	 -1.157462e-03 	 4.699564e-02 	 4.882130e-02 	 3.057700e+00 	 3.019589e+00 
211 	 1.806626e+00 	 1.806769e+00 	 4.697434e-02 	 -1.414716e-03 	 4.865076e-02 	 -1.178899e-03 	 4.699564e-02 	 4.866916e-02 	 3.057700e+00 	 3.022710e+00 
212 	 1.806552e+00 	 1.806753e+00 	 4.666624e-02 	 -1.903468e-03 	 4.849810e-02 	 -1.234636e-03 	 4.670504e-02 	 4.851807e-02 	 3.063903e+00 	 3.025819e+00 
213 	 1.806049e+00 	 1.806702e+00 	 4.708184e-02 	 -1.828668e-03 	 4.839694e-02 	 -1.277066e-03 	 4.711734e-02 	 4.841802e-02 	 3.055114e+00 	 3.027883e+00 
214 	 1.806457e+00 	 1.806686e+00 	 4.600344e-02 	 -1.615442e-03 	 4.823737e-02 	 -1.299625e-03 	 4.603180e-02 	 4.825894e-02 	 3.078423e+00 	 3.031174e+00 
215 	 1.805783e+00 	 1.806630e+00 	 4.762031e-02 	 -1.698519e-03 	 4.819881e-02 	 -1.324556e-03 	 4.765059e-02 	 4.822092e-02 	 3.043860e+00 	 3.031962e+00 
216 	 1.805601e+00 	 1.806569e+00 	 4.791720e-02 	 -3.223695e-04 	 4.818224e-02 	 -1.265604e-03 	 4.791829e-02 	 4.820311e-02 	 3.038258e+00 	 3.032332e+00 
217 	 1.805755e+00 	 1.806524e+00 	 4.666970e-02 	 -3.775687e-04 	 4.809821e-02 	 -1.216268e-03 	 4.667122e-02 	 4.811801e-02 	 3.064627e+00 	 3.034099e+00 
218 	 1.806690e+00 	 1.806533e+00 	 4.906175e-02 	 -1.342374e-03 	 4.814893e-02 	 -1.222905e-03 	 4.908011e-02 	 4.816865e-02 	 3.014301e+00 	 3.033047e+00 
219 	 1.806654e+00 	 1.806539e+00 	 4.781429e-02 	 -4.075272e-04 	 4.813219e-02 	 -1.182136e-03 	 4.781602e-02 	 4.815102e-02 	 3.040395e+00 	 3.033413e+00 
220 	 1.806259e+00 	 1.806525e+00 	 4.864416e-02 	 -1.787833e-03 	 4.815657e-02 	 -1.210979e-03 	 4.867701e-02 	 4.817606e-02 	 3.022549e+00 	 3.032893e+00 
221 	 1.806041e+00 	 1.806503e+00 	 4.726270e-02 	 -1.507117e-03 	 4.811594e-02 	 -1.224440e-03 	 4.728673e-02 	 4.813564e-02 	 3.051526e+00 	 3.033732e+00 
222 	 1.806375e+00 	 1.806498e+00 	 4.666505e-02 	 -2.514415e-03 	 4.805286e-02 	 -1.280526e-03 	 4.673274e-02 	 4.807464e-02 	 3.063310e+00 	 3.035000e+00 
223 	 1.806131e+00 	 1.806482e+00 	 4.529204e-02 	 -1.782405e-03 	 4.793783e-02 	 -1.301438e-03 	 4.532709e-02 	 4.796016e-02 	 3.093850e+00 	 3.037385e+00 
224 	 1.805966e+00 	 1.806462e+00 	 4.489280e-02 	 -1.398887e-03 	 4.781602e-02 	 -1.305335e-03 	 4.491459e-02 	 4.783834e-02 	 3.102993e+00 	 3.039928e+00 
225 	 1.805634e+00 	 1.806430e+00 	 4.648977e-02 	 -1.338370e-03 	 4.776501e-02 	 -1.306606e-03 	 4.650903e-02 	 4.778721e-02 	 3.068109e+00 	 3.040997e+00 
226 	 1.806110e+00 	 1.806418e+00 	 4.792762e-02 	 -8.001198e-04 	 4.777104e-02 	 -1.287847e-03 	 4.793430e-02 	 4.779266e-02 	 3.037924e+00 	 3.040883e+00 
227 	 1.806173e+00 	 1.806409e+00 	 4.782931e-02 	 -2.480651e-03 	 4.777312e-02 	 -1.330447e-03 	 4.789359e-02 	 4.779626e-02 	 3.038774e+00 	 3.040808e+00 
228 	 1.806213e+00 	 1.806403e+00 	 4.879956e-02 	 -2.676410e-03 	 4.780851e-02 	 -1.376860e-03 	 4.887290e-02 	 4.783339e-02 	 3.018532e+00 	 3.040031e+00 
229 	 1.806362e+00 	 1.806401e+00 	 4.751243e-02 	 -1.327838e-03 	 4.779864e-02 	 -1.375226e-03 	 4.753099e-02 	 4.782331e-02 	 3.046373e+00 	 3.040242e+00 
230 	 1.806598e+00 	 1.806408e+00 	 4.515845e-02 	 -1.628749e-03 	 4.771348e-02 	 -1.383404e-03 	 4.518781e-02 	 4.773829e-02 	 3.096928e+00 	 3.042021e+00 
231 	 1.807067e+00 	 1.806428e+00 	 4.713021e-02 	 -7.796115e-04 	 4.769525e-02 	 -1.364536e-03 	 4.713665e-02 	 4.771949e-02 	 3.054704e+00 	 3.042415e+00 
232 	 1.806332e+00 	 1.806425e+00 	 4.455398e-02 	 -6.635792e-04 	 4.760006e-02 	 -1.343294e-03 	 4.455892e-02 	 4.762372e-02 	 3.110943e+00 	 3.044424e+00 
233 	 1.805861e+00 	 1.806409e+00 	 4.598980e-02 	 1.957042e-04 	 4.755270e-02 	 -1.298030e-03 	 4.599021e-02 	 4.757567e-02 	 3.079327e+00 	 3.045434e+00 
234 	 1.806635e+00 	 1.806415e+00 	 4.548374e-02 	 -2.972979e-04 	 4.749359e-02 	 -1.269437e-03 	 4.548471e-02 	 4.751593e-02 	 3.090379e+00 	 3.046690e+00 
235 	 1.805533e+00 	 1.806391e+00 	 4.422201e-02 	 -1.533764e-03 	 4.740271e-02 	 -1.276780e-03 	 4.424860e-02 	 4.742517e-02 	 3.117931e+00 	 3.048602e+00 
236 	 1.806246e+00 	 1.806387e+00 	 4.414624e-02 	 -1.017113e-03 	 4.731470e-02 	 -1.269762e-03 	 4.415795e-02 	 4.733687e-02 	 3.119982e+00 	 3.050466e+00 
237 	 1.806445e+00 	 1.806388e+00 	 4.424595e-02 	 9.198372e-05 	 4.723394e-02 	 -1.233926e-03 	 4.424604e-02 	 4.725553e-02 	 3.117989e+00 	 3.052186e+00 
238 	 1.806511e+00 	 1.806391e+00 	 4.579048e-02 	 1.160719e-03 	 4.719693e-02 	 -1.172525e-03 	 4.580519e-02 	 4.721834e-02 	 3.083358e+00 	 3.052973e+00 
239 	 1.806595e+00 	 1.806397e+00 	 4.610396e-02 	 1.427459e-03 	 4.716960e-02 	 -1.107526e-03 	 4.612605e-02 	 4.719104e-02 	 3.076377e+00 	 3.053551e+00 
240 	 1.806425e+00 	 1.806397e+00 	 4.559973e-02 	 1.897270e-03 	 4.713131e-02 	 -1.034238e-03 	 4.563919e-02 	 4.715319e-02 	 3.086989e+00 	 3.054354e+00 
241 	 1.805314e+00 	 1.806371e+00 	 4.642033e-02 	 1.250814e-03 	 4.711439e-02 	 -9.798319e-04 	 4.643718e-02 	 4.713614e-02 	 3.069655e+00 	 3.054715e+00 
242 	 1.805871e+00 	 1.806360e+00 	 4.510606e-02 	 4.470311e-04 	 4.706768e-02 	 -9.466491e-04 	 4.510828e-02 	 4.708898e-02 	 3.098689e+00 	 3.055716e+00 
243 	 1.806404e+00 	 1.806361e+00 	 4.338060e-02 	 -6.723300e-05 	 4.698388e-02 	 -9.266623e-04 	 4.338065e-02 	 4.700470e-02 	 3.137742e+00 	 3.057508e+00 
244 	 1.805018e+00 	 1.806331e+00 	 4.484420e-02 	 -1.724878e-03 	 4.693633e-02 	 -9.444005e-04 	 4.487736e-02 	 4.695742e-02 	 3.103822e+00 	 3.058514e+00 
245 	 1.804798e+00 	 1.806298e+00 	 4.459954e-02 	 -1.844161e-03 	 4.688553e-02 	 -9.639605e-04 	 4.463765e-02 	 4.690699e-02 	 3.109178e+00 	 3.059588e+00 
246 	 1.805415e+00 	 1.806279e+00 	 4.492598e-02 	 -1.883433e-03 	 4.684384e-02 	 -9.835237e-04 	 4.496545e-02 	 4.686568e-02 	 3.101861e+00 	 3.060470e+00 
247 	 1.805555e+00 	 1.806264e+00 	 4.463977e-02 	 -1.173164e-03 	 4.679792e-02 	 -9.874746e-04 	 4.465518e-02 	 4.681963e-02 	 3.108785e+00 	 3.061453e+00 
248 	 1.806072e+00 	 1.806260e+00 	 4.317053e-02 	 5.354227e-04 	 4.672390e-02 	 -9.563950e-04 	 4.317385e-02 	 4.674523e-02 	 3.142520e+00 	 3.063043e+00 
249 	 1.806019e+00 	 1.806255e+00 	 4.375513e-02 	 -1.625081e-03 	 4.666452e-02 	 -9.697688e-04 	 4.378530e-02 	 4.668603e-02 	 3.128457e+00 	 3.064310e+00 
250 	 1.806571e+00 	 1.806261e+00 	 4.410656e-02 	 -1.571527e-03 	 4.661436e-02 	 -9.815679e-04 	 4.413455e-02 	 4.663600e-02 	 3.120512e+00 	 3.065382e+00 
251 	 1.806098e+00 	 1.806258e+00 	 4.471286e-02 	 -1.440444e-03 	 4.657780e-02 	 -9.903925e-04 	 4.473605e-02 	 4.659946e-02 	 3.106976e+00 	 3.066166e+00 
252 	 1.805575e+00 	 1.806245e+00 	 4.445916e-02 	 -7.338957e-04 	 4.653782e-02 	 -9.855529e-04 	 4.446521e-02 	 4.655920e-02 	 3.113048e+00 	 3.067031e+00 
253 	 1.804880e+00 	 1.806220e+00 	 4.515987e-02 	 -2.345782e-04 	 4.651230e-02 	 -9.716460e-04 	 4.516047e-02 	 4.653329e-02 	 3.097533e+00 	 3.067587e+00 
254 	 1.805256e+00 	 1.806202e+00 	 4.277072e-02 	 -1.742035e-03 	 4.644428e-02 	 -9.856530e-04 	 4.280618e-02 	 4.646553e-02 	 3.151073e+00 	 3.069045e+00 
255 	 1.804778e+00 	 1.806177e+00 	 4.381577e-02 	 -7.843838e-04 	 4.639734e-02 	 -9.820589e-04 	 4.382279e-02 	 4.641834e-02 	 3.127601e+00 	 3.070061e+00 
256 	 1.805119e+00 	 1.806158e+00 	 4.423153e-02 	 -7.380071e-04 	 4.635934e-02 	 -9.777773e-04 	 4.423769e-02 	 4.638008e-02 	 3.118178e+00 	 3.070885e+00 
257 	 1.805198e+00 	 1.806142e+00 	 4.390457e-02 	 7.447189e-04 	 4.631702e-02 	 -9.480791e-04 	 4.391088e-02 	 4.633751e-02 	 3.125593e+00 	 3.071804e+00 
258 	 1.805414e+00 	 1.806130e+00 	 4.483468e-02 	 -7.136270e-04 	 4.629189e-02 	 -9.441054e-04 	 4.484036e-02 	 4.631213e-02 	 3.104647e+00 	 3.072351e+00 
259 	 1.805737e+00 	 1.806123e+00 	 4.503916e-02 	 -1.146685e-04 	 4.627101e-02 	 -9.302814e-04 	 4.503930e-02 	 4.629092e-02 	 3.100220e+00 	 3.072810e+00 
260 	 1.805553e+00 	 1.806114e+00 	 4.573938e-02 	 1.005317e-03 	 4.626230e-02 	 -8.985503e-04 	 4.575042e-02 	 4.628206e-02 	 3.084554e+00 	 3.073001e+00 
261 	 1.805553e+00 	 1.806105e+00 	 4.573938e-02 	 1.005317e-03 	 4.625387e-02 	 -8.678428e-04 	 4.575042e-02 	 4.627348e-02 	 3.084554e+00 	 3.073186e+00 
262 	 1.806151e+00 	 1.806105e+00 	 4.496463e-02 	 6.249345e-06 	 4.623340e-02 	 -8.539683e-04 	 4.496463e-02 	 4.625271e-02 	 3.101879e+00 	 3.073635e+00 
263 	 1.806402e+00 	 1.806110e+00 	 4.416185e-02 	 -1.325440e-03 	 4.620103e-02 	 -8.613350e-04 	 4.418174e-02 	 4.622035e-02 	 3.119444e+00 	 3.074335e+00 
264 	 1.806106e+00 	 1.806110e+00 	 4.462752e-02 	 -8.234362e-04 	 4.617683e-02 	 -8.607520e-04 	 4.463512e-02 	 4.619596e-02 	 3.109234e+00 	 3.074863e+00 
265 	 1.806106e+00 	 1.806110e+00 	 4.462752e-02 	 -8.234362e-04 	 4.615335e-02 	 -8.601866e-04 	 4.463512e-02 	 4.617231e-02 	 3.109234e+00 	 3.075375e+00 
266 	 1.806196e+00 	 1.806111e+00 	 4.367724e-02 	 -1.038274e-04 	 4.611639e-02 	 -8.488976e-04 	 4.367737e-02 	 4.613507e-02 	 3.130925e+00 	 3.076182e+00 
267 	 1.805565e+00 	 1.806103e+00 	 4.239185e-02 	 1.372415e-03 	 4.606162e-02 	 -8.162313e-04 	 4.241405e-02 	 4.608035e-02 	 3.160275e+00 	 3.077369e+00 
268 	 1.805557e+00 	 1.806095e+00 	 4.259856e-02 	 1.970222e-03 	 4.601143e-02 	 -7.758479e-04 	 4.264410e-02 	 4.603055e-02 	 3.154866e+00 	 3.078450e+00 
269 	 1.805324e+00 	 1.806084e+00 	 4.441773e-02 	 2.246091e-03 	 4.598866e-02 	 -7.326773e-04 	 4.447448e-02 	 4.600832e-02 	 3.112840e+00 	 3.078933e+00 
270 	 1.804932e+00 	 1.806068e+00 	 4.486462e-02 	 1.862122e-03 	 4.597283e-02 	 -6.961309e-04 	 4.490325e-02 	 4.599276e-02 	 3.103245e+00 	 3.079271e+00 
271 	 1.804822e+00 	 1.806051e+00 	 4.691700e-02 	 3.853242e-04 	 4.598595e-02 	 -6.811107e-04 	 4.691858e-02 	 4.600562e-02 	 3.059341e+00 	 3.078992e+00 
272 	 1.804890e+00 	 1.806035e+00 	 4.500259e-02 	 1.995227e-04 	 4.597248e-02 	 -6.690472e-04 	 4.500304e-02 	 4.599188e-02 	 3.101025e+00 	 3.079290e+00 
273 	 1.804990e+00 	 1.806021e+00 	 4.628364e-02 	 -9.940877e-04 	 4.597668e-02 	 -6.734396e-04 	 4.629432e-02 	 4.599597e-02 	 3.072736e+00 	 3.079202e+00 
274 	 1.805281e+00 	 1.806011e+00 	 4.779529e-02 	 1.549735e-03 	 4.600093e-02 	 -6.437973e-04 	 4.782040e-02 	 4.602029e-02 	 3.040303e+00 	 3.078673e+00 
275 	 1.805003e+00 	 1.805998e+00 	 4.609027e-02 	 8.105624e-04 	 4.600210e-02 	 -6.246610e-04 	 4.609740e-02 	 4.602131e-02 	 3.076999e+00 	 3.078651e+00 
276 	 1.803902e+00 	 1.805970e+00 	 4.525540e-02 	 -7.257874e-04 	 4.599241e-02 	 -6.259743e-04 	 4.526122e-02 	 4.601144e-02 	 3.095305e+00 	 3.078865e+00 
277 	 1.803673e+00 	 1.805941e+00 	 4.301329e-02 	 -1.398764e-04 	 4.595421e-02 	 -6.197423e-04 	 4.301352e-02 	 4.597300e-02 	 3.146241e+00 	 3.079701e+00 
278 	 1.803839e+00 	 1.805914e+00 	 4.354173e-02 	 1.941771e-04 	 4.592368e-02 	 -6.094395e-04 	 4.354216e-02 	 4.594223e-02 	 3.134026e+00 	 3.080370e+00 
279 	 1.804388e+00 	 1.805895e+00 	 4.350551e-02 	 6.193893e-04 	 4.589345e-02 	 -5.940792e-04 	 4.350992e-02 	 4.591183e-02 	 3.134766e+00 	 3.081032e+00 
280 	 1.804098e+00 	 1.805873e+00 	 4.405041e-02 	 -6.635752e-04 	 4.587069e-02 	 -5.949371e-04 	 4.405541e-02 	 4.588891e-02 	 3.122307e+00 	 3.081532e+00 
281 	 1.804194e+00 	 1.805853e+00 	 4.281485e-02 	 -7.727382e-05 	 4.583343e-02 	 -5.886242e-04 	 4.281492e-02 	 4.585142e-02 	 3.150869e+00 	 3.082349e+00 
282 	 1.804267e+00 	 1.805833e+00 	 4.277811e-02 	 -1.908234e-03 	 4.579662e-02 	 -6.045231e-04 	 4.282065e-02 	 4.581491e-02 	 3.150735e+00 	 3.083146e+00 
283 	 1.805303e+00 	 1.805827e+00 	 4.424086e-02 	 -1.290992e-03 	 4.577810e-02 	 -6.126953e-04 	 4.425969e-02 	 4.579639e-02 	 3.117681e+00 	 3.083550e+00 
284 	 1.805342e+00 	 1.805821e+00 	 4.393960e-02 	 3.534221e-04 	 4.575647e-02 	 -6.013293e-04 	 4.394102e-02 	 4.577456e-02 	 3.124907e+00 	 3.084027e+00 
285 	 1.804668e+00 	 1.805808e+00 	 4.317017e-02 	 -2.255769e-03 	 4.572639e-02 	 -6.205669e-04 	 4.322907e-02 	 4.574497e-02 	 3.141242e+00 	 3.084674e+00 
286 	 1.804576e+00 	 1.805794e+00 	 4.613639e-02 	 -1.328675e-03 	 4.573111e-02 	 -6.287061e-04 	 4.615552e-02 	 4.574968e-02 	 3.075739e+00 	 3.084570e+00 
287 	 1.805089e+00 	 1.805786e+00 	 4.413142e-02 	 -3.368697e-04 	 4.571293e-02 	 -6.253898e-04 	 4.413270e-02 	 4.573131e-02 	 3.120554e+00 	 3.084972e+00 
288 	 1.805282e+00 	 1.805780e+00 	 4.478542e-02 	 -1.028475e-03 	 4.570251e-02 	 -6.299188e-04 	 4.479723e-02 	 4.572081e-02 	 3.105609e+00 	 3.085202e+00 
289 	 1.804846e+00 	 1.805770e+00 	 4.504449e-02 	 -5.166760e-04 	 4.569520e-02 	 -6.286606e-04 	 4.504745e-02 	 4.571333e-02 	 3.100039e+00 	 3.085365e+00 
290 	 1.804579e+00 	 1.805757e+00 	 4.193648e-02 	 -4.333974e-04 	 4.565389e-02 	 -6.265148e-04 	 4.193871e-02 	 4.567185e-02 	 3.171546e+00 	 3.086273e+00 
291 	 1.804233e+00 	 1.805740e+00 	 4.223909e-02 	 -3.618700e-04 	 4.561677e-02 	 -6.236382e-04 	 4.224064e-02 	 4.563456e-02 	 3.164372e+00 	 3.087090e+00 
292 	 1.804733e+00 	 1.805729e+00 	 4.269879e-02 	 1.313543e-03 	 4.558540e-02 	 -6.028083e-04 	 4.271899e-02 	 4.560321e-02 	 3.153112e+00 	 3.087777e+00 
293 	 1.803887e+00 	 1.805710e+00 	 4.384081e-02 	 2.665562e-03 	 4.556684e-02 	 -5.680384e-04 	 4.392176e-02 	 4.558532e-02 	 3.125345e+00 	 3.088170e+00 
294 	 1.804509e+00 	 1.805697e+00 	 4.313451e-02 	 -7.547036e-05 	 4.554123e-02 	 -5.628535e-04 	 4.313458e-02 	 4.555952e-02 	 3.143430e+00 	 3.088736e+00 
295 	 1.805274e+00 	 1.805693e+00 	 4.272934e-02 	 5.544897e-04 	 4.551194e-02 	 -5.512145e-04 	 4.273294e-02 	 4.553008e-02 	 3.152785e+00 	 3.089382e+00 
296 	 1.804322e+00 	 1.805679e+00 	 4.310230e-02 	 1.918483e-05 	 4.548710e-02 	 -5.453341e-04 	 4.310230e-02 	 4.550505e-02 	 3.144179e+00 	 3.089932e+00 
297 	 1.803942e+00 	 1.805661e+00 	 4.339152e-02 	 9.113307e-04 	 4.546572e-02 	 -5.304702e-04 	 4.340109e-02 	 4.548358e-02 	 3.137271e+00 	 3.090404e+00 
298 	 1.804137e+00 	 1.805645e+00 	 4.309113e-02 	 -1.021322e-04 	 4.544173e-02 	 -5.261435e-04 	 4.309125e-02 	 4.545942e-02 	 3.144435e+00 	 3.090935e+00 
299 	 1.804754e+00 	 1.805637e+00 	 4.284845e-02 	 -2.700154e-03 	 4.541580e-02 	 -5.478837e-04 	 4.293344e-02 	 4.543416e-02 	 3.148104e+00 	 3.091491e+00 
300 	 1.805131e+00 	 1.805631e+00 	 4.170265e-02 	 -1.014985e-03 	 4.537904e-02 	 -5.525084e-04 	 4.171500e-02 	 4.539733e-02 	 3.176894e+00 	 3.092302e+00 
301 	 1.804887e+00 	 1.805624e+00 	 4.171689e-02 	 5.633939e-04 	 4.534313e-02 	 -5.415682e-04 	 4.172070e-02 	 4.536129e-02 	 3.176758e+00 	 3.093096e+00 
302 	 1.803969e+00 	 1.805608e+00 	 4.246064e-02 	 -5.961051e-04 	 4.531515e-02 	 -5.420977e-04 	 4.246482e-02 	 4.533317e-02 	 3.159079e+00 	 3.093716e+00 
303 	 1.804456e+00 	 1.805597e+00 	 4.112840e-02 	 -7.895528e-04 	 4.527489e-02 	 -5.444771e-04 	 4.113598e-02 	 4.529281e-02 	 3.190872e+00 	 3.094607e+00 
304 	 1.804175e+00 	 1.805584e+00 	 4.151236e-02 	 -1.399548e-03 	 4.523906e-02 	 -5.526206e-04 	 4.153594e-02 	 4.525703e-02 	 3.181196e+00 	 3.095397e+00 
305 	 1.803769e+00 	 1.805566e+00 	 4.114578e-02 	 -1.332018e-03 	 4.520044e-02 	 -5.599734e-04 	 4.116733e-02 	 4.521845e-02 	 3.190110e+00 	 3.096250e+00 
306 	 1.803890e+00 	 1.805551e+00 	 4.334994e-02 	 -1.578114e-03 	 4.518315e-02 	 -5.694887e-04 	 4.337865e-02 	 4.520125e-02 	 3.137788e+00 	 3.096630e+00 
307 	 1.804133e+00 	 1.805538e+00 	 4.357678e-02 	 -1.984971e-03 	 4.516827e-02 	 -5.825950e-04 	 4.362197e-02 	 4.518663e-02 	 3.132194e+00 	 3.096954e+00 
308 	 1.803890e+00 	 1.805522e+00 	 4.196268e-02 	 -1.923060e-03 	 4.513886e-02 	 -5.948929e-04 	 4.200672e-02 	 4.515746e-02 	 3.169926e+00 	 3.097600e+00 
309 	 1.803528e+00 	 1.805504e+00 	 4.291253e-02 	 -3.453312e-04 	 4.511862e-02 	 -5.926241e-04 	 4.291392e-02 	 4.513706e-02 	 3.148559e+00 	 3.098052e+00 
310 	 1.804025e+00 	 1.805491e+00 	 4.361834e-02 	 -5.772210e-04 	 4.510511e-02 	 -5.924854e-04 	 4.362216e-02 	 4.512341e-02 	 3.132190e+00 	 3.098354e+00 
311 	 1.803980e+00 	 1.805478e+00 	 4.266015e-02 	 -3.548241e-04 	 4.508328e-02 	 -5.903634e-04 	 4.266162e-02 	 4.510143e-02 	 3.154456e+00 	 3.098841e+00 
312 	 1.804320e+00 	 1.805467e+00 	 4.579697e-02 	 1.254348e-03 	 4.508959e-02 	 -5.740385e-04 	 4.581415e-02 	 4.510774e-02 	 3.083162e+00 	 3.098701e+00 
313 	 1.804465e+00 	 1.805458e+00 	 4.480870e-02 	 2.020563e-03 	 4.508713e-02 	 -5.512788e-04 	 4.485423e-02 	 4.510552e-02 	 3.104337e+00 	 3.098751e+00 
314 	 1.804511e+00 	 1.805450e+00 	 4.533104e-02 	 1.290422e-03 	 4.508925e-02 	 -5.352641e-04 	 4.534940e-02 	 4.510764e-02 	 3.093358e+00 	 3.098704e+00 
315 	 1.805235e+00 	 1.805448e+00 	 4.503766e-02 	 -1.500244e-04 	 4.508881e-02 	 -5.319430e-04 	 4.503791e-02 	 4.510704e-02 	 3.100251e+00 	 3.098717e+00 
316 	 1.804576e+00 	 1.805441e+00 	 4.532544e-02 	 2.505195e-04 	 4.509083e-02 	 -5.252553e-04 	 4.532613e-02 	 4.510891e-02 	 3.093872e+00 	 3.098676e+00 
317 	 1.803993e+00 	 1.805429e+00 	 4.449510e-02 	 -9.662398e-05 	 4.508578e-02 	 -5.216228e-04 	 4.449520e-02 	 4.510371e-02 	 3.112374e+00 	 3.098791e+00 
318 	 1.804203e+00 	 1.805418e+00 	 4.319446e-02 	 -7.608816e-04 	 4.506989e-02 	 -5.236334e-04 	 4.320116e-02 	 4.508772e-02 	 3.141888e+00 	 3.099145e+00 
319 	 1.803720e+00 	 1.805404e+00 	 4.097857e-02 	 -2.238893e-04 	 4.503579e-02 	 -5.211356e-04 	 4.097918e-02 	 4.505348e-02 	 3.194691e+00 	 3.099905e+00 
320 	 1.804232e+00 	 1.805395e+00 	 4.166039e-02 	 1.677735e-03 	 4.500790e-02 	 -5.029631e-04 	 4.169416e-02 	 4.502572e-02 	 3.177394e+00 	 3.100521e+00 
321 	 1.804189e+00 	 1.805385e+00 	 4.064934e-02 	 -1.930998e-04 	 4.497217e-02 	 -5.004232e-04 	 4.064980e-02 	 4.498985e-02 	 3.202761e+00 	 3.101318e+00 
322 	 1.804295e+00 	 1.805376e+00 	 3.914086e-02 	 -4.946770e-04 	 4.492476e-02 	 -5.003765e-04 	 3.914399e-02 	 4.494232e-02 	 3.240509e+00 	 3.102375e+00 
323 	 1.804559e+00 	 1.805369e+00 	 4.049578e-02 	 -2.980171e-04 	 4.488904e-02 	 -4.987446e-04 	 4.049688e-02 	 4.490647e-02 	 3.206530e+00 	 3.103173e+00 
324 	 1.804979e+00 	 1.805366e+00 	 4.036765e-02 	 -7.787533e-04 	 4.485287e-02 	 -5.009846e-04 	 4.037516e-02 	 4.487022e-02 	 3.209541e+00 	 3.103981e+00 
325 	 1.804387e+00 	 1.805358e+00 	 3.922659e-02 	 -8.444230e-04 	 4.480822e-02 	 -5.037103e-04 	 3.923568e-02 	 4.482550e-02 	 3.238169e+00 	 3.104978e+00 
326 	 1.804956e+00 	 1.805355e+00 	 4.140085e-02 	 -4.974128e-04 	 4.478139e-02 	 -5.036607e-04 	 4.140384e-02 	 4.479856e-02 	 3.184382e+00 	 3.105579e+00 
327 	 1.804915e+00 	 1.805352e+00 	 4.269232e-02 	 1.915535e-04 	 4.476507e-02 	 -4.982294e-04 	 4.269275e-02 	 4.478211e-02 	 3.153726e+00 	 3.105947e+00 
328 	 1.804185e+00 	 1.805343e+00 	 4.272791e-02 	 -2.460158e-04 	 4.474928e-02 	 -4.962742e-04 	 4.272862e-02 	 4.476619e-02 	 3.152886e+00 	 3.106302e+00 
329 	 1.804058e+00 	 1.805333e+00 	 4.179967e-02 	 8.159309e-04 	 4.472659e-02 	 -4.861803e-04 	 4.180763e-02 	 4.474343e-02 	 3.174676e+00 	 3.106811e+00 
330 	 1.804763e+00 	 1.805328e+00 	 4.381377e-02 	 1.340548e-04 	 4.471962e-02 	 -4.814457e-04 	 4.381398e-02 	 4.473634e-02 	 3.127802e+00 	 3.106969e+00 
331 	 1.804277e+00 	 1.805320e+00 	 4.404019e-02 	 1.354033e-04 	 4.471447e-02 	 -4.767726e-04 	 4.404040e-02 	 4.473107e-02 	 3.122648e+00 	 3.107087e+00 
332 	 1.805021e+00 	 1.805318e+00 	 4.493970e-02 	 2.504465e-05 	 4.471617e-02 	 -4.729996e-04 	 4.493971e-02 	 4.473263e-02 	 3.102434e+00 	 3.107052e+00 
333 	 1.805085e+00 	 1.805316e+00 	 4.277064e-02 	 -1.137825e-03 	 4.470165e-02 	 -4.779610e-04 	 4.278577e-02 	 4.471811e-02 	 3.151550e+00 	 3.107377e+00 
334 	 1.805417e+00 	 1.805317e+00 	 4.273909e-02 	 2.736245e-04 	 4.468711e-02 	 -4.723937e-04 	 4.273997e-02 	 4.470345e-02 	 3.152621e+00 	 3.107705e+00 
335 	 1.804941e+00 	 1.805314e+00 	 4.475869e-02 	 -1.686575e-03 	 4.468764e-02 	 -4.813215e-04 	 4.479045e-02 	 4.470409e-02 	 3.105760e+00 	 3.107690e+00 
336 	 1.805018e+00 	 1.805312e+00 	 4.239189e-02 	 -1.474034e-03 	 4.467088e-02 	 -4.885675e-04 	 4.241751e-02 	 4.468740e-02 	 3.160194e+00 	 3.108064e+00 
337 	 1.804973e+00 	 1.805310e+00 	 4.216977e-02 	 -6.922870e-04 	 4.465276e-02 	 -4.900438e-04 	 4.217545e-02 	 4.466920e-02 	 3.165917e+00 	 3.108471e+00 
338 	 1.804903e+00 	 1.805307e+00 	 4.319354e-02 	 2.625036e-04 	 4.464226e-02 	 -4.846298e-04 	 4.319434e-02 	 4.465859e-02 	 3.142046e+00 	 3.108709e+00 
339 	 1.805319e+00 	 1.805307e+00 	 4.294927e-02 	 -1.436523e-03 	 4.463016e-02 	 -4.914290e-04 	 4.297329e-02 	 4.464655e-02 	 3.147177e+00 	 3.108978e+00 
340 	 1.804831e+00 	 1.805304e+00 	 4.452715e-02 	 -1.072103e-03 	 4.462943e-02 	 -4.955472e-04 	 4.454005e-02 	 4.464580e-02 	 3.111366e+00 	 3.108995e+00 
341 	 1.804970e+00 	 1.805301e+00 	 4.481565e-02 	 -7.111376e-04 	 4.463075e-02 	 -4.970655e-04 	 4.482129e-02 	 4.464703e-02 	 3.105072e+00 	 3.108967e+00 
342 	 1.804645e+00 	 1.805297e+00 	 4.353970e-02 	 -2.285339e-04 	 4.462312e-02 	 -4.951876e-04 	 4.354030e-02 	 4.463929e-02 	 3.134068e+00 	 3.109141e+00 
343 	 1.805120e+00 	 1.805295e+00 	 4.460560e-02 	 -5.996394e-04 	 4.462299e-02 	 -4.959130e-04 	 4.460963e-02 	 4.463909e-02 	 3.109806e+00 	 3.109145e+00 
344 	 1.805891e+00 	 1.805300e+00 	 4.368651e-02 	 -2.940133e-04 	 4.461654e-02 	 -4.945206e-04 	 4.368750e-02 	 4.463252e-02 	 3.130693e+00 	 3.109292e+00 
345 	 1.805933e+00 	 1.805304e+00 	 4.475956e-02 	 7.408594e-04 	 4.461751e-02 	 -4.860591e-04 	 4.476569e-02 	 4.463344e-02 	 3.106313e+00 	 3.109272e+00 
346 	 1.805145e+00 	 1.805303e+00 	 4.380559e-02 	 1.421179e-04 	 4.461199e-02 	 -4.817858e-04 	 4.380582e-02 	 4.462781e-02 	 3.127989e+00 	 3.109398e+00 
347 	 1.805425e+00 	 1.805304e+00 	 4.411980e-02 	 -7.941502e-04 	 4.460867e-02 	 -4.838963e-04 	 4.412695e-02 	 4.462442e-02 	 3.120685e+00 	 3.109474e+00 
348 	 1.805756e+00 	 1.805307e+00 	 4.369342e-02 	 9.051289e-04 	 4.460252e-02 	 -4.745740e-04 	 4.370279e-02 	 4.461824e-02 	 3.130343e+00 	 3.109613e+00 
349 	 1.805331e+00 	 1.805307e+00 	 4.447271e-02 	 1.437238e-03 	 4.460166e-02 	 -4.618286e-04 	 4.449593e-02 	 4.461742e-02 	 3.112358e+00 	 3.109631e+00 
350 	 1.804720e+00 	 1.805303e+00 	 4.374160e-02 	 8.852414e-04 	 4.459596e-02 	 -4.529076e-04 	 4.375055e-02 	 4.461168e-02 	 3.129251e+00 	 3.109760e+00 
351 	 1.804560e+00 	 1.805298e+00 	 4.417412e-02 	 8.906323e-04 	 4.459319e-02 	 -4.440685e-04 	 4.418310e-02 	 4.460886e-02 	 3.119413e+00 	 3.109823e+00 
352 	 1.804520e+00 	 1.805293e+00 	 4.103395e-02 	 8.728498e-04 	 4.456992e-02 	 -4.354612e-04 	 4.104324e-02 	 4.458556e-02 	 3.193129e+00 	 3.110345e+00 
353 	 1.804415e+00 	 1.805287e+00 	 4.316385e-02 	 1.478008e-03 	 4.456079e-02 	 -4.230361e-04 	 4.318915e-02 	 4.457649e-02 	 3.142166e+00 	 3.110549e+00 
354 	 1.804811e+00 	 1.805284e+00 	 4.339834e-02 	 1.572462e-03 	 4.455329e-02 	 -4.101619e-04 	 4.342682e-02 	 4.456907e-02 	 3.136678e+00 	 3.110715e+00 
355 	 1.804941e+00 	 1.805282e+00 	 4.364300e-02 	 2.581789e-03 	 4.454746e-02 	 -3.909828e-04 	 4.371930e-02 	 4.456362e-02 	 3.129966e+00 	 3.110837e+00 
356 	 1.804558e+00 	 1.805277e+00 	 4.382263e-02 	 1.002475e-03 	 4.454284e-02 	 -3.821072e-04 	 4.383409e-02 	 4.455898e-02 	 3.127343e+00 	 3.110942e+00 
357 	 1.805048e+00 	 1.805276e+00 	 4.218628e-02 	 1.222208e-03 	 4.452793e-02 	 -3.719533e-04 	 4.220398e-02 	 4.454407e-02 	 3.165241e+00 	 3.111276e+00 
358 	 1.805263e+00 	 1.805276e+00 	 4.173134e-02 	 1.628443e-03 	 4.451034e-02 	 -3.593722e-04 	 4.176310e-02 	 4.452658e-02 	 3.175742e+00 	 3.111669e+00 
359 	 1.804624e+00 	 1.805272e+00 	 4.259906e-02 	 1.057650e-03 	 4.449839e-02 	 -3.505158e-04 	 4.261219e-02 	 4.451462e-02 	 3.155615e+00 	 3.111938e+00 
360 	 1.805242e+00 	 1.805272e+00 	 4.126209e-02 	 1.480851e-04 	 4.447829e-02 	 -3.474189e-04 	 4.126236e-02 	 4.449442e-02 	 3.187805e+00 	 3.112392e+00 
361 	 1.805653e+00 	 1.805274e+00 	 4.307283e-02 	 -1.570304e-03 	 4.446962e-02 	 -3.549676e-04 	 4.310145e-02 	 4.448582e-02 	 3.144199e+00 	 3.112585e+00 
362 	 1.805838e+00 	 1.805277e+00 	 4.438621e-02 	 -1.899653e-03 	 4.446910e-02 	 -3.644442e-04 	 4.442684e-02 	 4.448546e-02 	 3.113911e+00 	 3.112593e+00 
363 	 1.805903e+00 	 1.805281e+00 	 4.398740e-02 	 -2.975704e-04 	 4.446617e-02 	 -3.640364e-04 	 4.398841e-02 	 4.448243e-02 	 3.123829e+00 	 3.112661e+00 
364 	 1.806120e+00 	 1.805286e+00 	 4.380860e-02 	 7.191371e-04 	 4.446218e-02 	 -3.574718e-04 	 4.381450e-02 	 4.447838e-02 	 3.127790e+00 	 3.112752e+00 
365 	 1.805847e+00 	 1.805290e+00 	 4.478688e-02 	 -6.016928e-04 	 4.446414e-02 	 -3.589430e-04 	 4.479092e-02 	 4.448026e-02 	 3.105750e+00 	 3.112710e+00 
366 	 1.806257e+00 	 1.805295e+00 	 4.458654e-02 	 -5.907440e-04 	 4.446487e-02 	 -3.603310e-04 	 4.459045e-02 	 4.448092e-02 	 3.110236e+00 	 3.112695e+00 
367 	 1.806023e+00 	 1.805300e+00 	 4.524225e-02 	 -5.772020e-04 	 4.446950e-02 	 -3.616219e-04 	 4.524593e-02 	 4.448547e-02 	 3.095643e+00 	 3.112593e+00 
368 	 1.806746e+00 	 1.805308e+00 	 4.447936e-02 	 -3.756741e-04 	 4.446956e-02 	 -3.617050e-04 	 4.448095e-02 	 4.448545e-02 	 3.112694e+00 	 3.112593e+00 
369 	 1.806093e+00 	 1.805313e+00 	 4.392423e-02 	 -6.985244e-04 	 4.446635e-02 	 -3.636863e-04 	 4.392978e-02 	 4.448218e-02 	 3.125163e+00 	 3.112667e+00 
370 	 1.806363e+00 	 1.805319e+00 	 4.319108e-02 	 6.281219e-04 	 4.445889e-02 	 -3.578863e-04 	 4.319565e-02 	 4.447465e-02 	 3.142015e+00 	 3.112836e+00 
371 	 1.805444e+00 	 1.805320e+00 	 4.399134e-02 	 1.769019e-03 	 4.445617e-02 	 -3.455206e-04 	 4.402689e-02 	 4.447205e-02 	 3.122955e+00 	 3.112894e+00 
372 	 1.805594e+00 	 1.805321e+00 	 4.322396e-02 	 1.176757e-03 	 4.444905e-02 	 -3.367213e-04 	 4.323998e-02 	 4.446493e-02 	 3.140990e+00 	 3.113055e+00 
373 	 1.805378e+00 	 1.805322e+00 	 4.152865e-02 	 1.934476e-03 	 4.443227e-02 	 -3.236684e-04 	 4.157368e-02 	 4.444831e-02 	 3.180288e+00 	 3.113428e+00 
374 	 1.805406e+00 	 1.805322e+00 	 4.037529e-02 	 1.591323e-03 	 4.440908e-02 	 -3.127256e-04 	 4.040663e-02 	 4.442522e-02 	 3.208761e+00 	 3.113948e+00 
375 	 1.804742e+00 	 1.805319e+00 	 4.054022e-02 	 2.278217e-03 	 4.438710e-02 	 -2.980043e-04 	 4.060419e-02 	 4.440351e-02 	 3.203884e+00 	 3.114437e+00 
376 	 1.804950e+00 	 1.805317e+00 	 4.102315e-02 	 9.463726e-04 	 4.436810e-02 	 -2.909740e-04 	 4.103407e-02 	 4.438447e-02 	 3.193353e+00 	 3.114866e+00 
377 	 1.805610e+00 	 1.805319e+00 	 4.144227e-02 	 1.415635e-03 	 4.435166e-02 	 -2.813863e-04 	 4.146644e-02 	 4.436808e-02 	 3.182871e+00 	 3.115235e+00 
378 	 1.805375e+00 	 1.805319e+00 	 4.307529e-02 	 1.495621e-03 	 4.434453e-02 	 -2.714589e-04 	 4.310125e-02 	 4.436100e-02 	 3.144203e+00 	 3.115395e+00 
379 	 1.805242e+00 	 1.805318e+00 	 4.070691e-02 	 9.588484e-04 	 4.432432e-02 	 -2.646238e-04 	 4.071820e-02 	 4.434076e-02 	 3.201080e+00 	 3.115851e+00 
380 	 1.804784e+00 	 1.805315e+00 	 4.034778e-02 	 7.501924e-04 	 4.430235e-02 	 -2.590171e-04 	 4.035476e-02 	 4.431874e-02 	 3.210046e+00 	 3.116348e+00 
381 	 1.804824e+00 	 1.805313e+00 	 3.989938e-02 	 8.448983e-04 	 4.427816e-02 	 -2.529516e-04 	 3.990832e-02 	 4.429451e-02 	 3.221170e+00 	 3.116895e+00 
382 	 1.804959e+00 	 1.805311e+00 	 4.023643e-02 	 -2.417425e-04 	 4.425607e-02 	 -2.528904e-04 	 4.023716e-02 	 4.427234e-02 	 3.212964e+00 	 3.117395e+00 
383 	 1.805632e+00 	 1.805313e+00 	 4.001372e-02 	 -1.651296e-03 	 4.423301e-02 	 -2.604904e-04 	 4.004778e-02 	 4.424938e-02 	 3.217682e+00 	 3.117914e+00 
384 	 1.805945e+00 	 1.805316e+00 	 3.950004e-02 	 -2.072825e-03 	 4.420743e-02 	 -2.702868e-04 	 3.955439e-02 	 4.422400e-02 	 3.230079e+00 	 3.118488e+00 
385 	 1.806404e+00 	 1.805322e+00 	 4.048527e-02 	 -4.096244e-04 	 4.418742e-02 	 -2.710359e-04 	 4.048734e-02 	 4.420391e-02 	 3.206766e+00 	 3.118942e+00 
386 	 1.805624e+00 	 1.805323e+00 	 3.900825e-02 	 -1.296740e-04 	 4.415972e-02 	 -2.702800e-04 	 3.900846e-02 	 4.417613e-02 	 3.243977e+00 	 3.119571e+00 
387 	 1.805914e+00 	 1.805327e+00 	 3.865476e-02 	 -1.341990e-03 	 4.413044e-02 	 -2.759806e-04 	 3.867804e-02 	 4.414688e-02 	 3.252483e+00 	 3.120233e+00 
388 	 1.805338e+00 	 1.805327e+00 	 4.053600e-02 	 -2.233515e-03 	 4.411142e-02 	 -2.863379e-04 	 4.059749e-02 	 4.412810e-02 	 3.204049e+00 	 3.120659e+00 
389 	 1.805399e+00 	 1.805327e+00 	 4.089032e-02 	 -2.493950e-03 	 4.409447e-02 	 -2.979569e-04 	 4.096631e-02 	 4.411146e-02 	 3.195005e+00 	 3.121036e+00 
390 	 1.805548e+00 	 1.805328e+00 	 4.125649e-02 	 -1.129514e-03 	 4.407961e-02 	 -3.023106e-04 	 4.127195e-02 	 4.409659e-02 	 3.187572e+00 	 3.121373e+00 
391 	 1.805082e+00 	 1.805327e+00 	 4.091136e-02 	 -5.923701e-05 	 4.406311e-02 	 -3.010446e-04 	 4.091140e-02 	 4.408000e-02 	 3.196347e+00 	 3.121749e+00 
392 	 1.804672e+00 	 1.805324e+00 	 4.012268e-02 	 -2.375399e-05 	 4.404269e-02 	 -2.996079e-04 	 4.012269e-02 	 4.405950e-02 	 3.215813e+00 	 3.122214e+00 
393 	 1.804672e+00 	 1.805320e+00 	 4.012268e-02 	 -2.375399e-05 	 4.402249e-02 	 -2.981859e-04 	 4.012269e-02 	 4.403921e-02 	 3.215813e+00 	 3.122675e+00 
394 	 1.805205e+00 	 1.805320e+00 	 4.047952e-02 	 6.951567e-04 	 4.400432e-02 	 -2.930919e-04 	 4.048549e-02 	 4.402098e-02 	 3.206812e+00 	 3.123089e+00 
395 	 1.804713e+00 	 1.805316e+00 	 3.970632e-02 	 -4.068707e-04 	 4.398239e-02 	 -2.936724e-04 	 3.970840e-02 	 4.399898e-02 	 3.226192e+00 	 3.123589e+00 
396 	 1.805698e+00 	 1.805318e+00 	 3.879851e-02 	 -1.574023e-03 	 4.395608e-02 	 -3.001716e-04 	 3.883042e-02 	 4.397274e-02 	 3.248551e+00 	 3.124185e+00 
397 	 1.805511e+00 	 1.805319e+00 	 4.088470e-02 	 -8.965393e-04 	 4.394056e-02 	 -3.031836e-04 	 4.089452e-02 	 4.395720e-02 	 3.196759e+00 	 3.124539e+00 
398 	 1.805511e+00 	 1.805320e+00 	 4.088470e-02 	 -8.965393e-04 	 4.392521e-02 	 -3.061653e-04 	 4.089452e-02 	 4.394181e-02 	 3.196759e+00 	 3.124889e+00 
399 	 1.805632e+00 	 1.805322e+00 	 3.882970e-02 	 -8.063027e-04 	 4.389973e-02 	 -3.086660e-04 	 3.883807e-02 	 4.391629e-02 	 3.248354e+00 	 3.125470e+00 
400 	 1.805627e+00 	 1.805323e+00 	 4.069959e-02 	 1.554105e-03 	 4.388381e-02 	 -2.993984e-04 	 4.072925e-02 	 4.390043e-02 	 3.200809e+00 	 3.125831e+00 
401 	 1.805103e+00 	 1.805322e+00 	 3.897650e-02 	 2.692818e-04 	 4.385952e-02 	 -2.965832e-04 	 3.897743e-02 	 4.387606e-02 	 3.244773e+00 	 3.126386e+00 
402 	 1.804445e+00 	 1.805318e+00 	 3.839499e-02 	 1.286414e-03 	 4.383260e-02 	 -2.887852e-04 	 3.841653e-02 	 4.384917e-02 	 3.259267e+00 	 3.127000e+00 
403 	 1.803946e+00 	 1.805311e+00 	 3.741262e-02 	 7.458735e-04 	 4.380113e-02 	 -2.837133e-04 	 3.742005e-02 	 4.381765e-02 	 3.285549e+00 	 3.127719e+00 
404 	 1.804406e+00 	 1.805307e+00 	 3.858921e-02 	 -3.991124e-04 	 4.377570e-02 	 -2.842762e-04 	 3.859127e-02 	 4.379216e-02 	 3.254729e+00 	 3.128301e+00 
405 	 1.804191e+00 	 1.805301e+00 	 3.898209e-02 	 2.061329e-03 	 4.375243e-02 	 -2.728898e-04 	 3.903655e-02 	 4.376907e-02 	 3.243257e+00 	 3.128828e+00 
406 	 1.804012e+00 	 1.805295e+00 	 3.775805e-02 	 1.370756e-03 	 4.372347e-02 	 -2.649495e-04 	 3.778292e-02 	 4.374015e-02 	 3.275898e+00 	 3.129489e+00 
407 	 1.803703e+00 	 1.805288e+00 	 3.797105e-02 	 3.517727e-04 	 4.369582e-02 	 -2.619845e-04 	 3.797268e-02 	 4.371242e-02 	 3.270888e+00 	 3.130123e+00 
408 	 1.804657e+00 	 1.805285e+00 	 3.621736e-02 	 -8.388775e-04 	 4.366004e-02 	 -2.647447e-04 	 3.622707e-02 	 4.367661e-02 	 3.317949e+00 	 3.130943e+00 
409 	 1.804910e+00 	 1.805283e+00 	 3.745738e-02 	 1.137706e-03 	 4.363050e-02 	 -2.580664e-04 	 3.747466e-02 	 4.364708e-02 	 3.284090e+00 	 3.131619e+00 
410 	 1.805041e+00 	 1.805282e+00 	 3.809733e-02 	 5.472979e-04 	 4.360428e-02 	 -2.542495e-04 	 3.810127e-02 	 4.362079e-02 	 3.267508e+00 	 3.132221e+00 
411 	 1.805226e+00 	 1.805281e+00 	 4.028733e-02 	 -9.377241e-04 	 4.358863e-02 	 -2.574734e-04 	 4.029824e-02 	 4.360512e-02 	 3.211447e+00 	 3.132581e+00 
412 	 1.804616e+00 	 1.805278e+00 	 4.091081e-02 	 -4.612396e-04 	 4.357606e-02 	 -2.584301e-04 	 4.091341e-02 	 4.359248e-02 	 3.196297e+00 	 3.132871e+00 
413 	 1.804900e+00 	 1.805276e+00 	 4.055995e-02 	 -1.795891e-03 	 4.356196e-02 	 -2.656145e-04 	 4.059968e-02 	 4.357850e-02 	 3.203995e+00 	 3.133191e+00 
414 	 1.804937e+00 	 1.805275e+00 	 3.966682e-02 	 -1.261761e-04 	 4.354385e-02 	 -2.649659e-04 	 3.966702e-02 	 4.356030e-02 	 3.227235e+00 	 3.133609e+00 
415 	 1.804509e+00 	 1.805271e+00 	 3.816194e-02 	 -1.219502e-03 	 4.351893e-02 	 -2.693851e-04 	 3.818142e-02 	 4.353540e-02 	 3.265406e+00 	 3.134181e+00 
416 	 1.804286e+00 	 1.805267e+00 	 4.050985e-02 	 3.673560e-04 	 4.350506e-02 	 -2.664508e-04 	 4.051151e-02 	 4.352147e-02 	 3.206169e+00 	 3.134501e+00 
417 	 1.804469e+00 	 1.805263e+00 	 3.989667e-02 	 3.300880e-05 	 4.348851e-02 	 -2.650771e-04 	 3.989669e-02 	 4.350484e-02 	 3.221462e+00 	 3.134883e+00 
418 	 1.803329e+00 	 1.805254e+00 	 3.769931e-02 	 -5.270497e-05 	 4.346208e-02 	 -2.641074e-04 	 3.769935e-02 	 4.347833e-02 	 3.278112e+00 	 3.135493e+00 
419 	 1.804299e+00 	 1.805250e+00 	 3.749867e-02 	 8.351187e-05 	 4.343497e-02 	 -2.625273e-04 	 3.749877e-02 	 4.345115e-02 	 3.283447e+00 	 3.136118e+00 
420 	 1.804523e+00 	 1.805247e+00 	 3.803618e-02 	 5.243169e-04 	 4.341054e-02 	 -2.589669e-04 	 3.803980e-02 	 4.342667e-02 	 3.269122e+00 	 3.136682e+00 
421 	 1.804351e+00 	 1.805243e+00 	 3.624342e-02 	 1.254721e-03 	 4.337826e-02 	 -2.521485e-04 	 3.626513e-02 	 4.339441e-02 	 3.316899e+00 	 3.137425e+00 
422 	 1.804388e+00 	 1.805239e+00 	 3.687561e-02 	 9.546876e-04 	 4.334910e-02 	 -2.467367e-04 	 3.688796e-02 	 4.336523e-02 	 3.299870e+00 	 3.138097e+00 
423 	 1.804764e+00 	 1.805237e+00 	 3.729278e-02 	 6.830957e-05 	 4.332206e-02 	 -2.453302e-04 	 3.729285e-02 	 4.333812e-02 	 3.288954e+00 	 3.138723e+00 
424 	 1.805204e+00 	 1.805237e+00 	 3.760519e-02 	 -2.085120e-04 	 4.329665e-02 	 -2.451666e-04 	 3.760577e-02 	 4.331264e-02 	 3.280598e+00 	 3.139311e+00 
425 	 1.805100e+00 	 1.805236e+00 	 3.801860e-02 	 -1.081345e-03 	 4.327330e-02 	 -2.488665e-04 	 3.803398e-02 	 4.328929e-02 	 3.269275e+00 	 3.139850e+00 
426 	 1.804576e+00 	 1.805233e+00 	 3.849323e-02 	 -1.729762e-03 	 4.325224e-02 	 -2.553903e-04 	 3.853207e-02 	 4.326833e-02 	 3.256264e+00 	 3.140334e+00 
427 	 1.804570e+00 	 1.805230e+00 	 3.982405e-02 	 -7.252893e-04 	 4.323720e-02 	 -2.574512e-04 	 3.983065e-02 	 4.325325e-02 	 3.223118e+00 	 3.140683e+00 
428 	 1.804570e+00 	 1.805227e+00 	 3.982405e-02 	 -7.252893e-04 	 4.322230e-02 	 -2.594942e-04 	 3.983065e-02 	 4.323831e-02 	 3.223118e+00 	 3.141028e+00 
429 	 1.805110e+00 	 1.805227e+00 	 3.969880e-02 	 -2.919260e-05 	 4.320698e-02 	 -2.584929e-04 	 3.969882e-02 	 4.322292e-02 	 3.226434e+00 	 3.141384e+00 
430 	 1.804722e+00 	 1.805225e+00 	 3.891879e-02 	 -1.622052e-03 	 4.318842e-02 	 -2.643957e-04 	 3.895257e-02 	 4.320443e-02 	 3.245410e+00 	 3.141812e+00 
431 	 1.804898e+00 	 1.805223e+00 	 3.918108e-02 	 -4.690242e-04 	 4.317114e-02 	 -2.652778e-04 	 3.918389e-02 	 4.318710e-02 	 3.239490e+00 	 3.142213e+00 
432 	 1.805742e+00 	 1.805225e+00 	 4.009257e-02 	 1.110418e-03 	 4.315793e-02 	 -2.593735e-04 	 4.010795e-02 	 4.317389e-02 	 3.216181e+00 	 3.142519e+00 
433 	 1.805917e+00 	 1.805228e+00 	 3.896831e-02 	 -1.200467e-03 	 4.314003e-02 	 -2.633952e-04 	 3.898679e-02 	 4.315599e-02 	 3.244532e+00 	 3.142934e+00 
434 	 1.806002e+00 	 1.805232e+00 	 3.719892e-02 	 -8.485834e-04 	 4.311475e-02 	 -2.658854e-04 	 3.720860e-02 	 4.313068e-02 	 3.291215e+00 	 3.143521e+00 
435 	 1.806115e+00 	 1.805235e+00 	 3.809002e-02 	 -9.371536e-04 	 4.309345e-02 	 -2.687298e-04 	 3.810155e-02 	 4.310937e-02 	 3.267500e+00 	 3.144015e+00 
436 	 1.806243e+00 	 1.805240e+00 	 3.834947e-02 	 1.898596e-03 	 4.307344e-02 	 -2.595849e-04 	 3.839644e-02 	 4.308949e-02 	 3.259791e+00 	 3.144476e+00 
437 	 1.806778e+00 	 1.805246e+00 	 3.854126e-02 	 1.646311e-03 	 4.305439e-02 	 -2.515770e-04 	 3.857640e-02 	 4.307053e-02 	 3.255114e+00 	 3.144916e+00 
438 	 1.806592e+00 	 1.805252e+00 	 4.034224e-02 	 1.104337e-03 	 4.304305e-02 	 -2.459037e-04 	 4.035736e-02 	 4.305917e-02 	 3.209982e+00 	 3.145180e+00 
439 	 1.805401e+00 	 1.805252e+00 	 3.863471e-02 	 -4.944405e-04 	 4.302468e-02 	 -2.469393e-04 	 3.863787e-02 	 4.304075e-02 	 3.253522e+00 	 3.145608e+00 
440 	 1.806271e+00 	 1.805257e+00 	 3.964302e-02 	 -1.660537e-03 	 4.301065e-02 	 -2.528048e-04 	 3.967778e-02 	 4.302680e-02 	 3.226964e+00 	 3.145932e+00 
441 	 1.805939e+00 	 1.805259e+00 	 3.887420e-02 	 1.778679e-04 	 4.299355e-02 	 -2.510252e-04 	 3.887461e-02 	 4.300964e-02 	 3.247414e+00 	 3.146331e+00 
442 	 1.804890e+00 	 1.805258e+00 	 3.855989e-02 	 -2.524972e-04 	 4.297531e-02 	 -2.510312e-04 	 3.856071e-02 	 4.299133e-02 	 3.255521e+00 	 3.146757e+00 
443 	 1.805636e+00 	 1.805259e+00 	 3.815152e-02 	 1.371202e-03 	 4.295554e-02 	 -2.443827e-04 	 3.817615e-02 	 4.297160e-02 	 3.265544e+00 	 3.147216e+00 
444 	 1.805636e+00 	 1.805261e+00 	 3.815152e-02 	 1.371202e-03 	 4.293593e-02 	 -2.377885e-04 	 3.817615e-02 	 4.295202e-02 	 3.265544e+00 	 3.147672e+00 
445 	 1.805847e+00 	 1.805263e+00 	 4.032691e-02 	 1.701322e-03 	 4.292532e-02 	 -2.299059e-04 	 4.036278e-02 	 4.294150e-02 	 3.209847e+00 	 3.147917e+00 
446 	 1.805375e+00 	 1.805264e+00 	 3.934535e-02 	 1.827688e-04 	 4.291083e-02 	 -2.282352e-04 	 3.934577e-02 	 4.292694e-02 	 3.235367e+00 	 3.148256e+00 
447 	 1.805407e+00 	 1.805264e+00 	 3.971608e-02 	 -1.001655e-03 	 4.289795e-02 	 -2.313538e-04 	 3.972871e-02 	 4.291404e-02 	 3.225681e+00 	 3.148556e+00 
448 	 1.805474e+00 	 1.805265e+00 	 3.920531e-02 	 -1.947021e-03 	 4.288312e-02 	 -2.382441e-04 	 3.925363e-02 	 4.289934e-02 	 3.237711e+00 	 3.148899e+00 
449 	 1.805562e+00 	 1.805266e+00 	 3.939783e-02 	 -9.585856e-04 	 4.286918e-02 	 -2.411254e-04 	 3.940949e-02 	 4.288538e-02 	 3.233749e+00 	 3.149224e+00 
450 	 1.805595e+00 	 1.805268e+00 	 3.956734e-02 	 1.023539e-04 	 4.285602e-02 	 -2.397570e-04 	 3.956747e-02 	 4.287217e-02 	 3.229748e+00 	 3.149532e+00 
451 	 1.806142e+00 	 1.805271e+00 	 4.027434e-02 	 2.864162e-04 	 4.284578e-02 	 -2.376690e-04 	 4.027536e-02 	 4.286186e-02 	 3.212016e+00 	 3.149773e+00 
452 	 1.806120e+00 	 1.805274e+00 	 3.854965e-02 	 -2.158121e-03 	 4.282880e-02 	 -2.452597e-04 	 3.861001e-02 	 4.284506e-02 	 3.254244e+00 	 3.150165e+00 
453 	 1.806517e+00 	 1.805279e+00 	 3.932529e-02 	 -1.390994e-03 	 4.281500e-02 	 -2.497705e-04 	 3.934988e-02 	 4.283129e-02 	 3.235262e+00 	 3.150486e+00 
454 	 1.805703e+00 	 1.805281e+00 	 3.921108e-02 	 -5.763242e-04 	 4.280087e-02 	 -2.510511e-04 	 3.921531e-02 	 4.281711e-02 	 3.238688e+00 	 3.150817e+00 
455 	 1.805577e+00 	 1.805282e+00 	 3.891515e-02 	 -7.269507e-04 	 4.278569e-02 	 -2.529101e-04 	 3.892194e-02 	 4.280190e-02 	 3.246197e+00 	 3.151173e+00 
456 	 1.804748e+00 	 1.805280e+00 	 4.016337e-02 	 5.640822e-04 	 4.277549e-02 	 -2.497311e-04 	 4.016733e-02 	 4.279165e-02 	 3.214701e+00 	 3.151412e+00 
457 	 1.804351e+00 	 1.805277e+00 	 4.000544e-02 	 3.615935e-04 	 4.276475e-02 	 -2.473616e-04 	 4.000707e-02 	 4.278085e-02 	 3.218699e+00 	 3.151665e+00 
458 	 1.804647e+00 	 1.805274e+00 	 4.024022e-02 	 5.189394e-04 	 4.275501e-02 	 -2.444029e-04 	 4.024356e-02 	 4.277106e-02 	 3.212805e+00 	 3.151894e+00 
459 	 1.804478e+00 	 1.805271e+00 	 3.974073e-02 	 -1.137756e-04 	 4.274341e-02 	 -2.439005e-04 	 3.974089e-02 	 4.275940e-02 	 3.225375e+00 	 3.152166e+00 
460 	 1.805177e+00 	 1.805271e+00 	 3.876011e-02 	 1.700616e-04 	 4.272815e-02 	 -2.423145e-04 	 3.876049e-02 	 4.274408e-02 	 3.250354e+00 	 3.152525e+00 
461 	 1.804848e+00 	 1.805269e+00 	 3.871440e-02 	 -8.254329e-04 	 4.271283e-02 	 -2.445401e-04 	 3.872320e-02 	 4.272874e-02 	 3.251316e+00 	 3.152884e+00 
462 	 1.805407e+00 	 1.805270e+00 	 3.830844e-02 	 -8.511350e-04 	 4.269608e-02 	 -2.468465e-04 	 3.831789e-02 	 4.271196e-02 	 3.261838e+00 	 3.153276e+00 
463 	 1.805751e+00 	 1.805271e+00 	 3.889814e-02 	 -9.723529e-04 	 4.268170e-02 	 -2.495947e-04 	 3.891029e-02 	 4.269756e-02 	 3.246497e+00 	 3.153613e+00 
464 	 1.805206e+00 	 1.805271e+00 	 3.933302e-02 	 1.871781e-03 	 4.266906e-02 	 -2.415895e-04 	 3.937753e-02 	 4.268504e-02 	 3.234560e+00 	 3.153907e+00 
465 	 1.805595e+00 	 1.805272e+00 	 3.742852e-02 	 6.127185e-04 	 4.264936e-02 	 -2.383778e-04 	 3.743353e-02 	 4.266529e-02 	 3.285188e+00 	 3.154370e+00 
466 	 1.805834e+00 	 1.805274e+00 	 3.751207e-02 	 5.893258e-04 	 4.263012e-02 	 -2.352778e-04 	 3.751670e-02 	 4.264601e-02 	 3.282969e+00 	 3.154822e+00 
467 	 1.805686e+00 	 1.805276e+00 	 3.707967e-02 	 6.163948e-04 	 4.260941e-02 	 -2.320999e-04 	 3.708479e-02 	 4.262526e-02 	 3.294548e+00 	 3.155308e+00 
468 	 1.806322e+00 	 1.805280e+00 	 3.593615e-02 	 -3.441455e-04 	 4.258460e-02 	 -2.325164e-04 	 3.593779e-02 	 4.260040e-02 	 3.325966e+00 	 3.155892e+00 
469 	 1.805851e+00 	 1.805282e+00 	 3.768462e-02 	 4.820761e-04 	 4.256645e-02 	 -2.298698e-04 	 3.768771e-02 	 4.258220e-02 	 3.278421e+00 	 3.156319e+00 
470 	 1.805298e+00 	 1.805282e+00 	 3.694346e-02 	 4.170121e-04 	 4.254570e-02 	 -2.274828e-04 	 3.694582e-02 	 4.256140e-02 	 3.298303e+00 	 3.156807e+00 
471 	 1.805122e+00 	 1.805281e+00 	 3.755057e-02 	 7.695101e-04 	 4.252734e-02 	 -2.238174e-04 	 3.755846e-02 	 4.254301e-02 	 3.281857e+00 	 3.157240e+00 
472 	 1.805854e+00 	 1.805284e+00 	 3.721410e-02 	 1.979737e-03 	 4.250788e-02 	 -2.157457e-04 	 3.726672e-02 	 4.252368e-02 	 3.289654e+00 	 3.157694e+00 
473 	 1.805208e+00 	 1.805283e+00 	 3.687082e-02 	 1.598262e-03 	 4.248730e-02 	 -2.091253e-04 	 3.690545e-02 	 4.250318e-02 	 3.299396e+00 	 3.158176e+00 
474 	 1.804744e+00 	 1.805281e+00 	 3.713072e-02 	 3.267416e-04 	 4.246782e-02 	 -2.071767e-04 	 3.713216e-02 	 4.248365e-02 	 3.293272e+00 	 3.158636e+00 
475 	 1.804675e+00 	 1.805279e+00 	 3.930810e-02 	 1.029183e-03 	 4.245638e-02 	 -2.026971e-04 	 3.932157e-02 	 4.247219e-02 	 3.235982e+00 	 3.158906e+00 
476 	 1.805026e+00 	 1.805278e+00 	 3.801854e-02 	 -8.217008e-04 	 4.244036e-02 	 -2.049318e-04 	 3.802742e-02 	 4.245615e-02 	 3.269448e+00 	 3.159284e+00 
477 	 1.805319e+00 	 1.805278e+00 	 3.492194e-02 	 -4.554369e-04 	 4.241331e-02 	 -2.058329e-04 	 3.492491e-02 	 4.242906e-02 	 3.354555e+00 	 3.159922e+00 
478 	 1.805502e+00 	 1.805279e+00 	 3.683940e-02 	 -2.337526e-04 	 4.239333e-02 	 -2.059329e-04 	 3.684015e-02 	 4.240902e-02 	 3.301167e+00 	 3.160394e+00 
479 	 1.805465e+00 	 1.805280e+00 	 3.766985e-02 	 -1.524476e-03 	 4.237646e-02 	 -2.106420e-04 	 3.770068e-02 	 4.239221e-02 	 3.278077e+00 	 3.160791e+00 
480 	 1.805263e+00 	 1.805280e+00 	 3.525361e-02 	 -2.037837e-03 	 4.235111e-02 	 -2.171445e-04 	 3.531246e-02 	 4.236701e-02 	 3.343519e+00 	 3.161385e+00 
481 	 1.804830e+00 	 1.805278e+00 	 3.725765e-02 	 1.213135e-03 	 4.233305e-02 	 -2.120726e-04 	 3.727739e-02 	 4.234896e-02 	 3.289368e+00 	 3.161811e+00 
482 	 1.804051e+00 	 1.805274e+00 	 3.779200e-02 	 1.024247e-03 	 4.231701e-02 	 -2.077040e-04 	 3.780587e-02 	 4.233291e-02 	 3.275291e+00 	 3.162190e+00 
483 	 1.804195e+00 	 1.805270e+00 	 3.727518e-02 	 -1.279562e-03 	 4.229925e-02 	 -2.114781e-04 	 3.729714e-02 	 4.231518e-02 	 3.288839e+00 	 3.162609e+00 
484 	 1.803989e+00 	 1.805266e+00 	 3.913641e-02 	 -7.734485e-04 	 4.228816e-02 	 -2.134499e-04 	 3.914405e-02 	 4.230405e-02 	 3.240507e+00 	 3.162872e+00 
485 	 1.804148e+00 	 1.805262e+00 	 3.988598e-02 	 7.736638e-04 	 4.227976e-02 	 -2.099985e-04 	 3.989348e-02 	 4.229562e-02 	 3.221542e+00 	 3.163072e+00 
486 	 1.803837e+00 	 1.805257e+00 	 4.030168e-02 	 -5.239039e-04 	 4.227286e-02 	 -2.110922e-04 	 4.030509e-02 	 4.228869e-02 	 3.211278e+00 	 3.163236e+00 
487 	 1.803595e+00 	 1.805251e+00 	 4.028713e-02 	 3.613472e-04 	 4.226597e-02 	 -2.091046e-04 	 4.028875e-02 	 4.228174e-02 	 3.211683e+00 	 3.163400e+00 
488 	 1.803595e+00 	 1.805245e+00 	 4.028713e-02 	 3.613472e-04 	 4.225912e-02 	 -2.071307e-04 	 4.028875e-02 	 4.227485e-02 	 3.211683e+00 	 3.163563e+00 
489 	 1.804089e+00 	 1.805241e+00 	 3.855061e-02 	 -3.548594e-04 	 4.224633e-02 	 -2.076401e-04 	 3.855224e-02 	 4.226201e-02 	 3.255741e+00 	 3.163867e+00 
490 	 1.803968e+00 	 1.805237e+00 	 3.830097e-02 	 -6.497016e-04 	 4.223278e-02 	 -2.091592e-04 	 3.830648e-02 	 4.224842e-02 	 3.262136e+00 	 3.164188e+00 
491 	 1.804026e+00 	 1.805233e+00 	 3.805076e-02 	 -2.095870e-03 	 4.221845e-02 	 -2.156206e-04 	 3.810843e-02 	 4.223424e-02 	 3.267320e+00 	 3.164524e+00 
492 	 1.804031e+00 	 1.805229e+00 	 3.839209e-02 	 -1.392226e-03 	 4.220540e-02 	 -2.196363e-04 	 3.841732e-02 	 4.222121e-02 	 3.259247e+00 	 3.164832e+00 
493 	 1.804499e+00 	 1.805226e+00 	 3.724339e-02 	 -2.382164e-03 	 4.218852e-02 	 -2.269918e-04 	 3.731950e-02 	 4.220454e-02 	 3.288239e+00 	 3.165227e+00 
494 	 1.805102e+00 	 1.805226e+00 	 3.772755e-02 	 -1.029615e-03 	 4.217340e-02 	 -2.297126e-04 	 3.774160e-02 	 4.218941e-02 	 3.276992e+00 	 3.165586e+00 
495 	 1.804976e+00 	 1.805225e+00 	 3.702182e-02 	 -7.855823e-04 	 4.215599e-02 	 -2.315905e-04 	 3.703016e-02 	 4.217198e-02 	 3.296023e+00 	 3.165999e+00 
496 	 1.804980e+00 	 1.805224e+00 	 3.707522e-02 	 -1.216892e-03 	 4.213889e-02 	 -2.349080e-04 	 3.709519e-02 	 4.215489e-02 	 3.294268e+00 	 3.166405e+00 
497 	 1.805563e+00 	 1.805225e+00 	 3.808258e-02 	 -7.677303e-04 	 4.212527e-02 	 -2.366960e-04 	 3.809032e-02 	 4.214125e-02 	 3.267795e+00 	 3.166728e+00 
498 	 1.805262e+00 	 1.805225e+00 	 3.864936e-02 	 -6.747999e-04 	 4.211365e-02 	 -2.381613e-04 	 3.865525e-02 	 4.212959e-02 	 3.253073e+00 	 3.167005e+00 
499 	 1.805336e+00 	 1.805226e+00 	 3.655093e-02 	 1.247897e-03 	 4.209511e-02 	 -2.332077e-04 	 3.657222e-02 	 4.211107e-02 	 3.308466e+00 	 3.167445e+00 
500 	 1.805709e+00 	 1.805227e+00 	 3.731969e-02 	 9.846015e-04 	 4.207924e-02 	 -2.291619e-04 	 3.733268e-02 	 4.209519e-02 	 3.287886e+00 	 3.167822e+00 
501 	 1.804489e+00 	 1.805225e+00 	 3.724839e-02 	 -1.634081e-03 	 4.206324e-02 	 -2.338139e-04 	 3.728421e-02 	 4.207926e-02 	 3.289185e+00 	 3.168200e+00 
502 	 1.804488e+00 	 1.805222e+00 	 3.759082e-02 	 1.968389e-04 	 4.204848e-02 	 -2.323926e-04 	 3.759134e-02 	 4.206445e-02 	 3.280982e+00 	 3.168552e+00 
503 	 1.804832e+00 	 1.805221e+00 	 3.711069e-02 	 1.243715e-05 	 4.203224e-02 	 -2.315872e-04 	 3.711069e-02 	 4.204815e-02 	 3.293850e+00 	 3.168940e+00 
504 	 1.804234e+00 	 1.805218e+00 	 3.672475e-02 	 4.292576e-04 	 4.201484e-02 	 -2.294205e-04 	 3.672726e-02 	 4.203071e-02 	 3.304236e+00 	 3.169355e+00 
505 	 1.804072e+00 	 1.805214e+00 	 3.693909e-02 	 1.590048e-03 	 4.199825e-02 	 -2.234746e-04 	 3.697330e-02 	 4.201418e-02 	 3.297559e+00 	 3.169748e+00 
506 	 1.804194e+00 	 1.805211e+00 	 3.787390e-02 	 1.213993e-03 	 4.198482e-02 	 -2.187923e-04 	 3.789336e-02 	 4.200076e-02 	 3.272980e+00 	 3.170068e+00 
507 	 1.803919e+00 	 1.805207e+00 	 3.805762e-02 	 -1.957348e-04 	 4.197207e-02 	 -2.187174e-04 	 3.805813e-02 	 4.198796e-02 	 3.268641e+00 	 3.170372e+00 
508 	 1.803939e+00 	 1.805202e+00 	 3.616920e-02 	 -6.992959e-04 	 4.195329e-02 	 -2.202727e-04 	 3.617596e-02 	 4.196915e-02 	 3.319361e+00 	 3.170820e+00 
509 	 1.804351e+00 	 1.805200e+00 	 3.869758e-02 	 -1.503534e-04 	 4.194279e-02 	 -2.200471e-04 	 3.869788e-02 	 4.195860e-02 	 3.251971e+00 	 3.171072e+00 
510 	 1.804610e+00 	 1.805198e+00 	 3.929172e-02 	 -1.970174e-04 	 4.193426e-02 	 -2.199731e-04 	 3.929221e-02 	 4.195002e-02 	 3.236729e+00 	 3.171276e+00 
511 	 1.804886e+00 	 1.805197e+00 	 3.880581e-02 	 -2.009234e-04 	 4.192423e-02 	 -2.199120e-04 	 3.880633e-02 	 4.193995e-02 	 3.249172e+00 	 3.171517e+00 
512 	 1.805537e+00 	 1.805198e+00 	 3.981681e-02 	 3.119850e-04 	 4.191750e-02 	 -2.182127e-04 	 3.981803e-02 	 4.193317e-02 	 3.223435e+00 	 3.171678e+00 
513 	 1.805011e+00 	 1.805197e+00 	 4.009802e-02 	 1.864960e-03 	 4.191171e-02 	 -2.115784e-04 	 4.014137e-02 	 4.192746e-02 	 3.215348e+00 	 3.171814e+00 
514 	 1.804504e+00 	 1.805195e+00 	 3.865362e-02 	 1.066356e-04 	 4.190136e-02 	 -2.105682e-04 	 3.865377e-02 	 4.191707e-02 	 3.253111e+00 	 3.172062e+00 
515 	 1.804823e+00 	 1.805194e+00 	 3.881130e-02 	 4.627912e-04 	 4.189158e-02 	 -2.084373e-04 	 3.881406e-02 	 4.190725e-02 	 3.248973e+00 	 3.172296e+00 
516 	 1.804501e+00 	 1.805192e+00 	 3.928119e-02 	 -9.561893e-04 	 4.188335e-02 	 -2.107961e-04 	 3.929283e-02 	 4.189900e-02 	 3.236713e+00 	 3.172493e+00 
517 	 1.804622e+00 	 1.805190e+00 	 3.861904e-02 	 -7.164190e-04 	 4.187308e-02 	 -2.123861e-04 	 3.862569e-02 	 4.188871e-02 	 3.253838e+00 	 3.172739e+00 
518 	 1.805432e+00 	 1.805191e+00 	 3.907623e-02 	 -1.184296e-03 	 4.186432e-02 	 -2.154329e-04 	 3.909417e-02 	 4.187995e-02 	 3.241782e+00 	 3.172948e+00 
519 	 1.805305e+00 	 1.805191e+00 	 3.879739e-02 	 1.883405e-03 	 4.185473e-02 	 -2.088740e-04 	 3.884308e-02 	 4.187046e-02 	 3.248225e+00 	 3.173175e+00 
520 	 1.804482e+00 	 1.805189e+00 	 3.832082e-02 	 1.303458e-03 	 4.184372e-02 	 -2.041627e-04 	 3.834298e-02 	 4.185947e-02 	 3.261184e+00 	 3.173437e+00 
521 	 1.804765e+00 	 1.805188e+00 	 3.789064e-02 	 4.132089e-04 	 4.183145e-02 	 -2.022454e-04 	 3.789290e-02 	 4.184715e-02 	 3.272992e+00 	 3.173732e+00 
522 	 1.804557e+00 	 1.805186e+00 	 3.785656e-02 	 6.430429e-04 	 4.181914e-02 	 -1.996284e-04 	 3.786202e-02 	 4.183481e-02 	 3.273807e+00 	 3.174026e+00 
