#Iter 	 Plaquette 	 PLoop 
1 	 3.000000e+00 	 3.000000e+00 	 3.000000e+00 	 0.000000e+00 	 3.000000e+00 	 0.000000e+00 
2 	 2.509572e+00 	 2.754786e+00 	 2.239549e+00 	 8.040133e-05 	 2.619775e+00 	 4.020067e-05 
3 	 2.257943e+00 	 2.589172e+00 	 1.813494e+00 	 -3.217733e-03 	 2.351014e+00 	 -1.045777e-03 
4 	 2.104726e+00 	 2.468060e+00 	 1.517815e+00 	 4.261175e-03 	 2.142714e+00 	 2.809606e-04 
5 	 1.997194e+00 	 2.373887e+00 	 1.309189e+00 	 7.332874e-03 	 1.976009e+00 	 1.691343e-03 
6 	 1.920698e+00 	 2.298356e+00 	 1.159520e+00 	 -2.274011e-03 	 1.839928e+00 	 1.030451e-03 
7 	 1.855268e+00 	 2.235057e+00 	 1.033709e+00 	 -1.417483e-02 	 1.724754e+00 	 -1.141732e-03 
8 	 1.808163e+00 	 2.181696e+00 	 9.556519e-01 	 -6.095308e-03 	 1.628616e+00 	 -1.760929e-03 
9 	 1.770284e+00 	 2.135983e+00 	 8.424608e-01 	 4.748421e-05 	 1.541265e+00 	 -1.559994e-03 
10 	 1.738798e+00 	 2.096265e+00 	 7.824126e-01 	 2.198242e-02 	 1.465380e+00 	 7.942475e-04 
11 	 1.706654e+00 	 2.060845e+00 	 7.099750e-01 	 1.360691e-02 	 1.396707e+00 	 1.959035e-03 
12 	 1.683922e+00 	 2.029435e+00 	 6.519072e-01 	 2.007025e-02 	 1.334640e+00 	 3.468303e-03 
13 	 1.663503e+00 	 2.001287e+00 	 6.136922e-01 	 2.658746e-03 	 1.279183e+00 	 3.406029e-03 
14 	 1.646633e+00 	 1.975954e+00 	 5.677894e-01 	 1.424170e-02 	 1.228369e+00 	 4.180006e-03 
15 	 1.629763e+00 	 1.952875e+00 	 5.550935e-01 	 2.338586e-02 	 1.183484e+00 	 5.460396e-03 
16 	 1.619047e+00 	 1.932011e+00 	 5.173539e-01 	 1.101813e-02 	 1.141851e+00 	 5.807754e-03 
17 	 1.603544e+00 	 1.912689e+00 	 4.935665e-01 	 -1.651587e-03 	 1.103716e+00 	 5.368970e-03 
18 	 1.588564e+00 	 1.894682e+00 	 4.822594e-01 	 -7.333537e-03 	 1.069191e+00 	 4.663275e-03 
19 	 1.576318e+00 	 1.877926e+00 	 4.502199e-01 	 -1.917875e-02 	 1.036614e+00 	 3.408431e-03 
20 	 1.565040e+00 	 1.862282e+00 	 4.171298e-01 	 -1.336706e-02 	 1.005639e+00 	 2.569657e-03 
21 	 1.553950e+00 	 1.847599e+00 	 4.077621e-01 	 1.270382e-03 	 9.771691e-01 	 2.507786e-03 
22 	 1.545270e+00 	 1.833857e+00 	 3.796309e-01 	 -1.470502e-03 	 9.500082e-01 	 2.326955e-03 
23 	 1.537987e+00 	 1.820993e+00 	 3.747543e-01 	 -4.482104e-03 	 9.249972e-01 	 2.030909e-03 
24 	 1.532023e+00 	 1.808953e+00 	 3.498870e-01 	 3.238293e-04 	 9.010343e-01 	 1.959781e-03 
25 	 1.525132e+00 	 1.797600e+00 	 3.408613e-01 	 -1.041709e-02 	 8.786274e-01 	 1.464706e-03 
26 	 1.520536e+00 	 1.786944e+00 	 3.558120e-01 	 -6.481492e-03 	 8.585191e-01 	 1.159083e-03 
27 	 1.514800e+00 	 1.776864e+00 	 3.420406e-01 	 8.554383e-03 	 8.393902e-01 	 1.432983e-03 
28 	 1.508115e+00 	 1.767266e+00 	 3.157588e-01 	 5.230020e-03 	 8.206891e-01 	 1.568592e-03 
29 	 1.500022e+00 	 1.758051e+00 	 3.080635e-01 	 1.957736e-03 	 8.030124e-01 	 1.582010e-03 
30 	 1.497791e+00 	 1.749375e+00 	 2.987595e-01 	 1.398543e-02 	 7.862039e-01 	 1.995458e-03 
31 	 1.493273e+00 	 1.741114e+00 	 2.758524e-01 	 2.999120e-03 	 7.697410e-01 	 2.027834e-03 
32 	 1.484747e+00 	 1.733102e+00 	 2.811653e-01 	 -3.915930e-03 	 7.544730e-01 	 1.842091e-03 
33 	 1.477769e+00 	 1.725365e+00 	 2.459680e-01 	 -3.405603e-03 	 7.390638e-01 	 1.683070e-03 
34 	 1.471234e+00 	 1.717891e+00 	 2.553383e-01 	 -1.875199e-02 	 7.248365e-01 	 1.082039e-03 
35 	 1.468722e+00 	 1.710772e+00 	 2.287506e-01 	 -6.501341e-03 	 7.106627e-01 	 8.653710e-04 
36 	 1.462227e+00 	 1.703868e+00 	 2.059790e-01 	 -1.935306e-02 	 6.966437e-01 	 3.037478e-04 
37 	 1.464336e+00 	 1.697394e+00 	 2.033529e-01 	 -2.407324e-02 	 6.833115e-01 	 -3.550898e-04 
38 	 1.457378e+00 	 1.691078e+00 	 1.855007e-01 	 -1.581803e-02 	 6.702112e-01 	 -7.620093e-04 
39 	 1.455864e+00 	 1.685046e+00 	 2.076338e-01 	 -6.814243e-03 	 6.583502e-01 	 -9.171948e-04 
40 	 1.447696e+00 	 1.679113e+00 	 1.854572e-01 	 9.342866e-03 	 6.465279e-01 	 -6.606932e-04 
41 	 1.447178e+00 	 1.673456e+00 	 1.933880e-01 	 1.050660e-02 	 6.354757e-01 	 -3.883202e-04 
42 	 1.445495e+00 	 1.668028e+00 	 1.917023e-01 	 1.894757e-02 	 6.249097e-01 	 7.205816e-05 
43 	 1.444451e+00 	 1.662829e+00 	 1.938099e-01 	 1.274673e-02 	 6.148841e-01 	 3.668179e-04 
44 	 1.442814e+00 	 1.657828e+00 	 1.807179e-01 	 7.385836e-04 	 6.050167e-01 	 3.752671e-04 
45 	 1.440986e+00 	 1.653010e+00 	 1.791300e-01 	 1.406787e-02 	 5.955526e-01 	 6.795471e-04 
46 	 1.433554e+00 	 1.648239e+00 	 1.894532e-01 	 1.825595e-02 	 5.867243e-01 	 1.061643e-03 
47 	 1.432335e+00 	 1.643645e+00 	 1.691087e-01 	 1.933069e-02 	 5.778389e-01 	 1.450346e-03 
48 	 1.427062e+00 	 1.639133e+00 	 1.539617e-01 	 -8.151746e-04 	 5.690081e-01 	 1.403148e-03 
49 	 1.427539e+00 	 1.634815e+00 	 1.542512e-01 	 3.359880e-03 	 5.605437e-01 	 1.443081e-03 
50 	 1.425547e+00 	 1.630629e+00 	 1.652196e-01 	 -1.121019e-02 	 5.526372e-01 	 1.190015e-03 
51 	 1.424715e+00 	 1.626592e+00 	 1.595933e-01 	 -6.597210e-03 	 5.449304e-01 	 1.037325e-03 
52 	 1.423063e+00 	 1.622678e+00 	 1.703465e-01 	 -2.099898e-03 	 5.377269e-01 	 9.769935e-04 
53 	 1.417477e+00 	 1.618806e+00 	 1.534481e-01 	 -1.511506e-02 	 5.304764e-01 	 6.733698e-04 
54 	 1.413832e+00 	 1.615010e+00 	 1.627517e-01 	 9.983911e-03 	 5.236666e-01 	 8.457872e-04 
55 	 1.412867e+00 	 1.611335e+00 	 1.482999e-01 	 1.027479e-02 	 5.168418e-01 	 1.017224e-03 
56 	 1.407337e+00 	 1.607692e+00 	 1.474393e-01 	 1.952922e-03 	 5.102453e-01 	 1.033932e-03 
57 	 1.406028e+00 	 1.604154e+00 	 1.428368e-01 	 7.014156e-04 	 5.037996e-01 	 1.028099e-03 
58 	 1.406028e+00 	 1.600738e+00 	 1.428368e-01 	 7.014156e-04 	 4.975761e-01 	 1.022466e-03 
59 	 1.402173e+00 	 1.597373e+00 	 1.369966e-01 	 9.910914e-03 	 4.914645e-01 	 1.173118e-03 
60 	 1.404128e+00 	 1.594152e+00 	 1.393048e-01 	 2.708276e-02 	 4.855952e-01 	 1.604945e-03 
61 	 1.402344e+00 	 1.591008e+00 	 1.226634e-01 	 1.381268e-02 	 4.796455e-01 	 1.805072e-03 
62 	 1.401212e+00 	 1.587946e+00 	 1.190816e-01 	 5.988617e-03 	 4.738300e-01 	 1.872549e-03 
63 	 1.397406e+00 	 1.584922e+00 	 1.214093e-01 	 6.740145e-03 	 4.682360e-01 	 1.949812e-03 
64 	 1.397406e+00 	 1.581992e+00 	 1.214093e-01 	 6.740145e-03 	 4.628168e-01 	 2.024661e-03 
65 	 1.399444e+00 	 1.579183e+00 	 1.269674e-01 	 9.154345e-03 	 4.576499e-01 	 2.134349e-03 
66 	 1.394985e+00 	 1.576393e+00 	 1.280043e-01 	 -4.621892e-03 	 4.526553e-01 	 2.031981e-03 
67 	 1.392288e+00 	 1.573645e+00 	 1.352827e-01 	 -1.841300e-03 	 4.479184e-01 	 1.974171e-03 
68 	 1.391035e+00 	 1.570959e+00 	 1.288781e-01 	 1.757206e-02 	 4.432266e-01 	 2.203552e-03 
69 	 1.388759e+00 	 1.568319e+00 	 1.209085e-01 	 1.993579e-02 	 4.385553e-01 	 2.460541e-03 
70 	 1.392764e+00 	 1.565811e+00 	 1.333944e-01 	 2.007239e-02 	 4.341959e-01 	 2.712139e-03 
71 	 1.387587e+00 	 1.563301e+00 	 1.000341e-01 	 1.803825e-02 	 4.294894e-01 	 2.927999e-03 
72 	 1.386542e+00 	 1.560846e+00 	 1.117722e-01 	 1.348002e-02 	 4.250766e-01 	 3.074555e-03 
73 	 1.385418e+00 	 1.558442e+00 	 1.169230e-01 	 8.789593e-03 	 4.208554e-01 	 3.152843e-03 
74 	 1.385900e+00 	 1.556111e+00 	 1.368108e-01 	 8.250706e-03 	 4.170169e-01 	 3.221734e-03 
75 	 1.387254e+00 	 1.553859e+00 	 1.125796e-01 	 -3.118881e-03 	 4.129578e-01 	 3.137192e-03 
76 	 1.383925e+00 	 1.551623e+00 	 1.090841e-01 	 1.307204e-02 	 4.089594e-01 	 3.267914e-03 
77 	 1.384518e+00 	 1.549453e+00 	 9.752234e-02 	 1.010820e-02 	 4.049148e-01 	 3.356749e-03 
78 	 1.382305e+00 	 1.547310e+00 	 9.781210e-02 	 6.323118e-04 	 4.009776e-01 	 3.321820e-03 
79 	 1.382360e+00 	 1.545222e+00 	 8.053854e-02 	 -8.241559e-04 	 3.969214e-01 	 3.269339e-03 
80 	 1.383119e+00 	 1.543196e+00 	 8.804662e-02 	 -6.426520e-03 	 3.930604e-01 	 3.148141e-03 
81 	 1.378877e+00 	 1.541167e+00 	 9.710407e-02 	 -5.676445e-03 	 3.894067e-01 	 3.039195e-03 
82 	 1.378657e+00 	 1.539186e+00 	 8.032852e-02 	 -7.745391e-03 	 3.856374e-01 	 2.907676e-03 
83 	 1.375429e+00 	 1.537213e+00 	 8.052705e-02 	 4.481978e-03 	 3.819614e-01 	 2.926644e-03 
84 	 1.374574e+00 	 1.535276e+00 	 7.838960e-02 	 1.517373e-02 	 3.783474e-01 	 3.072442e-03 
85 	 1.373388e+00 	 1.533372e+00 	 7.554417e-02 	 7.643114e-03 	 3.747850e-01 	 3.126215e-03 
86 	 1.373224e+00 	 1.531510e+00 	 3.464318e-02 	 -7.641269e-03 	 3.708299e-01 	 3.001012e-03 
87 	 1.373224e+00 	 1.529690e+00 	 3.464318e-02 	 -7.641269e-03 	 3.669657e-01 	 2.878686e-03 
88 	 1.370954e+00 	 1.527886e+00 	 3.455838e-02 	 -4.874243e-03 	 3.631883e-01 	 2.790585e-03 
89 	 1.367955e+00 	 1.526089e+00 	 4.590407e-02 	 2.868073e-03 	 3.596233e-01 	 2.791456e-03 
90 	 1.369406e+00 	 1.524349e+00 	 6.382093e-02 	 1.854177e-02 	 3.563366e-01 	 2.966459e-03 
91 	 1.367076e+00 	 1.522620e+00 	 6.416785e-02 	 2.144595e-02 	 3.531260e-01 	 3.169530e-03 
92 	 1.367118e+00 	 1.520930e+00 	 5.082301e-02 	 3.032632e-02 	 3.498401e-01 	 3.464713e-03 
93 	 1.368856e+00 	 1.519295e+00 	 6.388663e-02 	 3.939966e-02 	 3.467653e-01 	 3.851110e-03 
94 	 1.365793e+00 	 1.517662e+00 	 5.729938e-02 	 3.586345e-02 	 3.436859e-01 	 4.191667e-03 
95 	 1.365556e+00 	 1.516061e+00 	 4.652212e-02 	 2.630585e-02 	 3.405579e-01 	 4.424448e-03 
96 	 1.360743e+00 	 1.514443e+00 	 6.204544e-02 	 4.365644e-02 	 3.376567e-01 	 4.833115e-03 
97 	 1.358779e+00 	 1.512838e+00 	 6.314864e-02 	 2.915198e-02 	 3.348267e-01 	 5.083824e-03 
98 	 1.360361e+00 	 1.511282e+00 	 5.119743e-02 	 3.672210e-02 	 3.319325e-01 	 5.406664e-03 
99 	 1.360633e+00 	 1.509760e+00 	 5.291577e-02 	 3.913934e-02 	 3.291142e-01 	 5.747398e-03 
100 	 1.360626e+00 	 1.508269e+00 	 4.768520e-02 	 2.080659e-02 	 3.262999e-01 	 5.897990e-03 
101 	 1.360626e+00 	 1.506807e+00 	 4.768520e-02 	 2.080659e-02 	 3.235413e-01 	 6.045600e-03 
102 	 1.358364e+00 	 1.505352e+00 	 4.744171e-02 	 2.370911e-02 	 3.208345e-01 	 6.218772e-03 
103 	 1.357161e+00 	 1.503913e+00 	 4.491809e-02 	 1.366895e-02 	 3.181557e-01 	 6.291103e-03 
104 	 1.359113e+00 	 1.502521e+00 	 3.502406e-02 	 8.480894e-03 	 3.154333e-01 	 6.312159e-03 
105 	 1.360808e+00 	 1.501171e+00 	 1.447261e-02 	 2.625516e-02 	 3.125670e-01 	 6.502092e-03 
106 	 1.358553e+00 	 1.499826e+00 	 1.332492e-02 	 3.463179e-02 	 3.097439e-01 	 6.767467e-03 
107 	 1.357129e+00 	 1.498492e+00 	 2.673651e-02 	 7.874435e-03 	 3.070990e-01 	 6.777812e-03 
108 	 1.354767e+00 	 1.497161e+00 	 1.081207e-02 	 1.079902e-02 	 3.043556e-01 	 6.815046e-03 
109 	 1.354622e+00 	 1.495854e+00 	 1.118925e-02 	 2.617152e-02 	 3.016660e-01 	 6.992628e-03 
110 	 1.354622e+00 	 1.494570e+00 	 1.118925e-02 	 2.617152e-02 	 2.990253e-01 	 7.166982e-03 
111 	 1.354622e+00 	 1.493309e+00 	 1.118925e-02 	 2.617152e-02 	 2.964322e-01 	 7.338194e-03 
112 	 1.354895e+00 	 1.492073e+00 	 3.470812e-02 	 3.051887e-02 	 2.940954e-01 	 7.545164e-03 
113 	 1.353102e+00 	 1.490843e+00 	 2.730872e-02 	 1.938771e-02 	 2.917344e-01 	 7.649965e-03 
114 	 1.353391e+00 	 1.489638e+00 	 3.904252e-02 	 -4.194237e-03 	 2.895178e-01 	 7.546069e-03 
115 	 1.353662e+00 	 1.488455e+00 	 3.528699e-02 	 8.598477e-03 	 2.873071e-01 	 7.555220e-03 
116 	 1.352244e+00 	 1.487281e+00 	 3.168618e-02 	 1.394700e-02 	 2.851035e-01 	 7.610322e-03 
117 	 1.352295e+00 	 1.486127e+00 	 4.144807e-02 	 1.149514e-02 	 2.830210e-01 	 7.643525e-03 
118 	 1.352666e+00 	 1.484996e+00 	 4.922619e-02 	 8.193449e-03 	 2.810397e-01 	 7.648186e-03 
119 	 1.351891e+00 	 1.483878e+00 	 5.995114e-02 	 1.437205e-02 	 2.791818e-01 	 7.704689e-03 
120 	 1.349369e+00 	 1.482757e+00 	 4.667276e-02 	 1.050576e-02 	 2.772442e-01 	 7.728031e-03 
121 	 1.349060e+00 	 1.481652e+00 	 3.358477e-02 	 -8.596397e-03 	 2.752305e-01 	 7.593118e-03 
122 	 1.348261e+00 	 1.480558e+00 	 3.617344e-02 	 3.780190e-03 	 2.732710e-01 	 7.561865e-03 
123 	 1.346703e+00 	 1.479470e+00 	 3.060073e-02 	 5.376570e-03 	 2.712981e-01 	 7.544098e-03 
124 	 1.347517e+00 	 1.478406e+00 	 3.903983e-02 	 2.052461e-02 	 2.694250e-01 	 7.648780e-03 
125 	 1.346261e+00 	 1.477349e+00 	 4.405273e-02 	 2.680221e-02 	 2.676220e-01 	 7.802007e-03 
126 	 1.348493e+00 	 1.476326e+00 	 5.542309e-02 	 1.552152e-02 	 2.659379e-01 	 7.863273e-03 
127 	 1.345280e+00 	 1.475294e+00 	 5.983365e-02 	 9.348757e-03 	 2.643151e-01 	 7.874970e-03 
128 	 1.344041e+00 	 1.474269e+00 	 5.375243e-02 	 8.794407e-03 	 2.626700e-01 	 7.882153e-03 
129 	 1.345554e+00 	 1.473271e+00 	 4.267224e-02 	 -1.895372e-03 	 2.609646e-01 	 7.806358e-03 
130 	 1.346980e+00 	 1.472300e+00 	 3.286994e-02 	 3.620678e-02 	 2.592100e-01 	 8.024823e-03 
131 	 1.348013e+00 	 1.471351e+00 	 4.105952e-02 	 3.466745e-02 	 2.575448e-01 	 8.228202e-03 
132 	 1.347385e+00 	 1.470412e+00 	 3.314924e-02 	 2.721488e-02 	 2.558448e-01 	 8.372040e-03 
133 	 1.344661e+00 	 1.469466e+00 	 3.840140e-02 	 2.955833e-02 	 2.542099e-01 	 8.531336e-03 
134 	 1.343812e+00 	 1.468529e+00 	 4.442694e-02 	 4.129623e-02 	 2.526444e-01 	 8.775850e-03 
135 	 1.343946e+00 	 1.467606e+00 	 5.092354e-02 	 3.982820e-02 	 2.511501e-01 	 9.005867e-03 
136 	 1.343142e+00 	 1.466691e+00 	 4.259694e-02 	 3.084793e-02 	 2.496166e-01 	 9.166471e-03 
137 	 1.342070e+00 	 1.465781e+00 	 4.388977e-02 	 -2.989721e-03 	 2.481150e-01 	 9.077739e-03 
138 	 1.340507e+00 	 1.464873e+00 	 4.473547e-02 	 -1.090909e-02 	 2.466412e-01 	 8.932907e-03 
139 	 1.344436e+00 	 1.464007e+00 	 2.889538e-02 	 1.261613e-02 	 2.450747e-01 	 8.959405e-03 
140 	 1.343105e+00 	 1.463143e+00 	 3.254252e-02 	 -1.040838e-03 	 2.435566e-01 	 8.887975e-03 
141 	 1.337793e+00 	 1.462254e+00 	 4.378839e-02 	 1.327600e-02 	 2.421398e-01 	 8.919096e-03 
142 	 1.338813e+00 	 1.461385e+00 	 5.690566e-02 	 2.902559e-02 	 2.408354e-01 	 9.060691e-03 
143 	 1.337232e+00 	 1.460517e+00 	 6.823099e-02 	 3.308388e-02 	 2.396283e-01 	 9.228685e-03 
144 	 1.335949e+00 	 1.459652e+00 	 5.035337e-02 	 2.671876e-02 	 2.383139e-01 	 9.350144e-03 
145 	 1.337509e+00 	 1.458809e+00 	 4.626944e-02 	 1.001225e-02 	 2.369895e-01 	 9.354710e-03 
146 	 1.336970e+00 	 1.457975e+00 	 4.601898e-02 	 9.515029e-03 	 2.356815e-01 	 9.355808e-03 
147 	 1.336559e+00 	 1.457149e+00 	 5.497522e-02 	 3.072783e-03 	 2.344522e-01 	 9.313066e-03 
148 	 1.336559e+00 	 1.456334e+00 	 5.497522e-02 	 3.072783e-03 	 2.332395e-01 	 9.270902e-03 
149 	 1.333767e+00 	 1.455511e+00 	 5.487757e-02 	 1.414778e-02 	 2.320424e-01 	 9.303633e-03 
150 	 1.333832e+00 	 1.454700e+00 	 5.459369e-02 	 1.526967e-02 	 2.308594e-01 	 9.343407e-03 
151 	 1.333309e+00 	 1.453896e+00 	 5.310760e-02 	 2.891156e-02 	 2.296823e-01 	 9.472997e-03 
152 	 1.333309e+00 	 1.453103e+00 	 5.310760e-02 	 2.891156e-02 	 2.285206e-01 	 9.600882e-03 
153 	 1.332233e+00 	 1.452313e+00 	 6.004132e-02 	 7.554976e-03 	 2.274194e-01 	 9.587510e-03 
154 	 1.331620e+00 	 1.451529e+00 	 6.817525e-02 	 1.783541e-02 	 2.263854e-01 	 9.641068e-03 
155 	 1.332297e+00 	 1.450760e+00 	 2.523879e-02 	 -5.570452e-03 	 2.250877e-01 	 9.542929e-03 
156 	 1.330731e+00 	 1.449991e+00 	 2.647392e-02 	 1.864505e-02 	 2.238145e-01 	 9.601276e-03 
157 	 1.333288e+00 	 1.449247e+00 	 1.913872e-02 	 1.180972e-02 	 2.225108e-01 	 9.615343e-03 
158 	 1.333973e+00 	 1.448518e+00 	 6.928929e-03 	 -4.765043e-03 	 2.211464e-01 	 9.524328e-03 
159 	 1.333713e+00 	 1.447796e+00 	 1.690796e-02 	 -6.083220e-03 	 2.198619e-01 	 9.426167e-03 
160 	 1.329386e+00 	 1.447056e+00 	 7.407835e-03 	 -1.626697e-02 	 2.185340e-01 	 9.265585e-03 
161 	 1.331743e+00 	 1.446339e+00 	 2.772425e-02 	 -2.441466e-02 	 2.173489e-01 	 9.056391e-03 
162 	 1.329502e+00 	 1.445618e+00 	 2.866896e-02 	 -3.341098e-02 	 2.161842e-01 	 8.794246e-03 
163 	 1.328708e+00 	 1.444901e+00 	 2.453558e-02 	 -4.472128e-02 	 2.150084e-01 	 8.465930e-03 
164 	 1.329437e+00 	 1.444197e+00 	 2.312055e-02 	 -1.734093e-02 	 2.138384e-01 	 8.308571e-03 
165 	 1.332725e+00 	 1.443521e+00 	 4.303183e-02 	 -3.289673e-02 	 2.128032e-01 	 8.058842e-03 
166 	 1.332224e+00 	 1.442851e+00 	 4.828159e-02 	 -5.378446e-03 	 2.118121e-01 	 7.977895e-03 
167 	 1.332299e+00 	 1.442189e+00 	 3.709815e-02 	 6.216574e-03 	 2.107659e-01 	 7.967348e-03 
168 	 1.332097e+00 	 1.441533e+00 	 3.993314e-02 	 7.892953e-03 	 2.097490e-01 	 7.966905e-03 
169 	 1.329466e+00 	 1.440870e+00 	 7.171732e-02 	 -7.898701e-05 	 2.089323e-01 	 7.919296e-03 
170 	 1.329466e+00 	 1.440215e+00 	 7.171732e-02 	 -7.898701e-05 	 2.081251e-01 	 7.872248e-03 
171 	 1.331543e+00 	 1.439580e+00 	 6.192481e-02 	 -8.951639e-03 	 2.072702e-01 	 7.773862e-03 
172 	 1.331014e+00 	 1.438948e+00 	 5.547045e-02 	 3.255640e-03 	 2.063876e-01 	 7.747594e-03 
173 	 1.330798e+00 	 1.438323e+00 	 5.793490e-02 	 1.006042e-02 	 2.055295e-01 	 7.760963e-03 
174 	 1.331151e+00 	 1.437707e+00 	 4.894670e-02 	 2.851931e-03 	 2.046296e-01 	 7.732750e-03 
175 	 1.332959e+00 	 1.437109e+00 	 3.350226e-02 	 2.371787e-03 	 2.036517e-01 	 7.702116e-03 
176 	 1.331418e+00 	 1.436508e+00 	 4.139760e-02 	 -1.494562e-03 	 2.027298e-01 	 7.649862e-03 
177 	 1.334618e+00 	 1.435932e+00 	 4.267359e-02 	 -5.556585e-03 	 2.018256e-01 	 7.575249e-03 
178 	 1.334618e+00 	 1.435363e+00 	 4.267359e-02 	 -5.556585e-03 	 2.009314e-01 	 7.501475e-03 
179 	 1.329373e+00 	 1.434771e+00 	 3.980102e-02 	 -2.315100e-02 	 2.000313e-01 	 7.330232e-03 
180 	 1.329373e+00 	 1.434186e+00 	 3.980102e-02 	 -2.315100e-02 	 1.991411e-01 	 7.160892e-03 
181 	 1.329937e+00 	 1.433610e+00 	 4.533910e-02 	 -1.516820e-02 	 1.982914e-01 	 7.037527e-03 
182 	 1.329937e+00 	 1.433040e+00 	 4.533910e-02 	 -1.516820e-02 	 1.974510e-01 	 6.915517e-03 
183 	 1.331502e+00 	 1.432485e+00 	 3.757459e-02 	 -2.137632e-02 	 1.965773e-01 	 6.760917e-03 
184 	 1.333118e+00 	 1.431945e+00 	 4.755965e-02 	 -9.503572e-03 	 1.957674e-01 	 6.672523e-03 
185 	 1.334363e+00 	 1.431418e+00 	 3.827057e-02 	 -1.215077e-02 	 1.949161e-01 	 6.570775e-03 
186 	 1.331886e+00 	 1.430883e+00 	 3.029371e-02 	 -6.052278e-03 	 1.940310e-01 	 6.502910e-03 
187 	 1.336595e+00 	 1.430378e+00 	 1.545073e-02 	 -7.185704e-03 	 1.930761e-01 	 6.429708e-03 
188 	 1.335486e+00 	 1.429874e+00 	 2.429750e-02 	 -2.799020e-02 	 1.921783e-01 	 6.246624e-03 
189 	 1.335486e+00 	 1.429374e+00 	 2.429750e-02 	 -2.799020e-02 	 1.912901e-01 	 6.065477e-03 
190 	 1.333726e+00 	 1.428871e+00 	 3.032520e-02 	 9.576714e-04 	 1.904429e-01 	 6.038593e-03 
191 	 1.335480e+00 	 1.428382e+00 	 3.490722e-02 	 3.394912e-03 	 1.896285e-01 	 6.024752e-03 
192 	 1.337257e+00 	 1.427907e+00 	 3.084097e-02 	 -1.445223e-02 	 1.888015e-01 	 5.918101e-03 
193 	 1.334321e+00 	 1.427422e+00 	 2.299490e-02 	 -2.041251e-02 	 1.879424e-01 	 5.781673e-03 
194 	 1.334636e+00 	 1.426944e+00 	 1.491721e-02 	 -1.405035e-02 	 1.870505e-01 	 5.679446e-03 
195 	 1.331289e+00 	 1.426454e+00 	 -7.156364e-03 	 -1.383177e-02 	 1.860546e-01 	 5.579389e-03 
196 	 1.331289e+00 	 1.425968e+00 	 -7.156364e-03 	 -1.383177e-02 	 1.850688e-01 	 5.480352e-03 
197 	 1.325728e+00 	 1.425459e+00 	 -1.386429e-02 	 -8.345466e-03 	 1.840590e-01 	 5.410170e-03 
198 	 1.326096e+00 	 1.424957e+00 	 -3.372545e-03 	 5.648890e-03 	 1.831124e-01 	 5.411376e-03 
199 	 1.326096e+00 	 1.424461e+00 	 -3.372545e-03 	 5.648890e-03 	 1.821753e-01 	 5.412570e-03 
200 	 1.324967e+00 	 1.423963e+00 	 -2.143839e-04 	 1.248743e-02 	 1.812633e-01 	 5.447944e-03 
201 	 1.324967e+00 	 1.423471e+00 	 -2.143839e-04 	 1.248743e-02 	 1.803605e-01 	 5.482966e-03 
202 	 1.325592e+00 	 1.422986e+00 	 3.143062e-02 	 4.762721e-03 	 1.796232e-01 	 5.479401e-03 
203 	 1.325592e+00 	 1.422506e+00 	 3.143062e-02 	 4.762721e-03 	 1.788932e-01 	 5.475870e-03 
204 	 1.326043e+00 	 1.422033e+00 	 3.076022e-02 	 -2.282677e-04 	 1.781670e-01 	 5.447909e-03 
205 	 1.327173e+00 	 1.421571e+00 	 4.389475e-02 	 1.167904e-02 	 1.775121e-01 	 5.478304e-03 
206 	 1.329986e+00 	 1.421126e+00 	 3.545924e-02 	 1.994713e-02 	 1.768225e-01 	 5.548541e-03 
207 	 1.328746e+00 	 1.420680e+00 	 2.201976e-02 	 2.306690e-02 	 1.760746e-01 	 5.633171e-03 
208 	 1.328746e+00 	 1.420238e+00 	 2.201976e-02 	 2.306690e-02 	 1.753340e-01 	 5.716987e-03 
209 	 1.328746e+00 	 1.419800e+00 	 2.201976e-02 	 2.306690e-02 	 1.746004e-01 	 5.800001e-03 
210 	 1.328999e+00 	 1.419368e+00 	 1.328497e-02 	 2.678163e-02 	 1.738323e-01 	 5.899914e-03 
211 	 1.329803e+00 	 1.418943e+00 	 8.974708e-03 	 1.850658e-02 	 1.730509e-01 	 5.959661e-03 
212 	 1.330815e+00 	 1.418527e+00 	 1.481690e-02 	 1.053543e-02 	 1.723046e-01 	 5.981245e-03 
213 	 1.328306e+00 	 1.418104e+00 	 9.094432e-03 	 1.654383e-02 	 1.715383e-01 	 6.030834e-03 
214 	 1.325923e+00 	 1.417673e+00 	 1.438922e-02 	 1.860848e-02 	 1.708040e-01 	 6.089608e-03 
215 	 1.327216e+00 	 1.417252e+00 	 5.145243e-03 	 6.359085e-03 	 1.700335e-01 	 6.090862e-03 
216 	 1.328529e+00 	 1.416842e+00 	 1.396093e-02 	 2.438091e-02 	 1.693109e-01 	 6.175538e-03 
217 	 1.328529e+00 	 1.416435e+00 	 1.396093e-02 	 2.438091e-02 	 1.685950e-01 	 6.259434e-03 
218 	 1.328080e+00 	 1.416029e+00 	 1.203130e-02 	 1.945284e-02 	 1.678768e-01 	 6.319954e-03 
219 	 1.330019e+00 	 1.415637e+00 	 8.473492e-03 	 6.291161e-03 	 1.671490e-01 	 6.319822e-03 
220 	 1.330686e+00 	 1.415250e+00 	 2.209111e-02 	 2.206878e-02 	 1.664896e-01 	 6.391408e-03 
221 	 1.329722e+00 	 1.414863e+00 	 3.560401e-02 	 2.208148e-02 	 1.658974e-01 	 6.462404e-03 
222 	 1.329991e+00 	 1.414481e+00 	 1.302429e-02 	 4.418821e-03 	 1.652087e-01 	 6.453199e-03 
223 	 1.327747e+00 	 1.414092e+00 	 2.881309e-02 	 -1.316003e-02 	 1.645971e-01 	 6.365247e-03 
224 	 1.324559e+00 	 1.413693e+00 	 1.417925e-02 	 -1.382357e-03 	 1.639256e-01 	 6.330660e-03 
225 	 1.322971e+00 	 1.413289e+00 	 -3.452186e-03 	 1.833773e-05 	 1.631817e-01 	 6.302605e-03 
226 	 1.322971e+00 	 1.412890e+00 	 -3.452186e-03 	 1.833773e-05 	 1.624444e-01 	 6.274799e-03 
227 	 1.326668e+00 	 1.412510e+00 	 -3.732541e-03 	 6.547664e-03 	 1.617123e-01 	 6.276001e-03 
228 	 1.326668e+00 	 1.412133e+00 	 -3.732541e-03 	 6.547664e-03 	 1.609867e-01 	 6.277192e-03 
229 	 1.324724e+00 	 1.411752e+00 	 -3.215267e-03 	 4.221808e-03 	 1.602696e-01 	 6.268217e-03 
230 	 1.324724e+00 	 1.411373e+00 	 -3.215267e-03 	 4.221808e-03 	 1.595588e-01 	 6.259319e-03 
231 	 1.324724e+00 	 1.410998e+00 	 -3.215267e-03 	 4.221808e-03 	 1.588542e-01 	 6.250499e-03 
232 	 1.322430e+00 	 1.410616e+00 	 4.518825e-03 	 -7.942803e-04 	 1.581890e-01 	 6.220133e-03 
233 	 1.325185e+00 	 1.410250e+00 	 9.819921e-03 	 2.096779e-03 	 1.575522e-01 	 6.202437e-03 
234 	 1.325649e+00 	 1.409888e+00 	 -8.401883e-03 	 5.854184e-03 	 1.568430e-01 	 6.200948e-03 
235 	 1.321387e+00 	 1.409512e+00 	 3.470520e-03 	 6.983905e-03 	 1.561903e-01 	 6.204280e-03 
236 	 1.324212e+00 	 1.409150e+00 	 2.189995e-02 	 2.212500e-02 	 1.556213e-01 	 6.271741e-03 
237 	 1.323942e+00 	 1.408791e+00 	 1.949016e-02 	 1.123314e-03 	 1.550469e-01 	 6.250017e-03 
238 	 1.324318e+00 	 1.408436e+00 	 4.888962e-03 	 -4.963305e-03 	 1.544160e-01 	 6.202903e-03 
239 	 1.324382e+00 	 1.408084e+00 	 -1.540081e-02 	 -4.197896e-03 	 1.537055e-01 	 6.159385e-03 
240 	 1.325473e+00 	 1.407740e+00 	 1.488605e-03 	 -1.243070e-02 	 1.530712e-01 	 6.081926e-03 
241 	 1.325473e+00 	 1.407398e+00 	 1.488605e-03 	 -1.243070e-02 	 1.524422e-01 	 6.005110e-03 
242 	 1.325185e+00 	 1.407059e+00 	 7.388017e-03 	 -1.752592e-02 	 1.518428e-01 	 5.907874e-03 
243 	 1.324229e+00 	 1.406718e+00 	 9.443974e-03 	 -4.853051e-02 	 1.512568e-01 	 5.683848e-03 
244 	 1.322180e+00 	 1.406371e+00 	 2.889399e-02 	 -2.144205e-02 	 1.507554e-01 	 5.572676e-03 
245 	 1.322180e+00 	 1.406028e+00 	 2.889399e-02 	 -2.144205e-02 	 1.502580e-01 	 5.462412e-03 
246 	 1.323426e+00 	 1.405692e+00 	 2.580786e-02 	 -6.216231e-04 	 1.497521e-01 	 5.437680e-03 
247 	 1.324576e+00 	 1.405364e+00 	 2.115345e-02 	 1.237334e-02 	 1.492314e-01 	 5.465760e-03 
248 	 1.326854e+00 	 1.405047e+00 	 1.255149e-02 	 1.856401e-02 	 1.486803e-01 	 5.518575e-03 
249 	 1.326854e+00 	 1.404733e+00 	 1.255149e-02 	 1.856401e-02 	 1.481336e-01 	 5.570967e-03 
250 	 1.323946e+00 	 1.404410e+00 	 -2.866259e-03 	 7.524405e-03 	 1.475296e-01 	 5.578780e-03 
251 	 1.318952e+00 	 1.404069e+00 	 -7.207116e-03 	 8.472215e-03 	 1.469131e-01 	 5.590308e-03 
252 	 1.318952e+00 	 1.403732e+00 	 -7.207116e-03 	 8.472215e-03 	 1.463015e-01 	 5.601744e-03 
253 	 1.318952e+00 	 1.403396e+00 	 -7.207116e-03 	 8.472215e-03 	 1.456948e-01 	 5.613090e-03 
254 	 1.319796e+00 	 1.403067e+00 	 8.502277e-03 	 1.150052e-02 	 1.451546e-01 	 5.636269e-03 
255 	 1.317460e+00 	 1.402732e+00 	 9.364820e-03 	 5.766547e-03 	 1.446221e-01 	 5.636780e-03 
256 	 1.318221e+00 	 1.402402e+00 	 1.222562e-02 	 -1.737377e-02 	 1.441050e-01 	 5.546895e-03 
257 	 1.317235e+00 	 1.402070e+00 	 7.587457e-03 	 -4.054561e-02 	 1.435738e-01 	 5.367546e-03 
258 	 1.320559e+00 	 1.401754e+00 	 -3.467313e-03 	 -4.064678e-02 	 1.430038e-01 	 5.189196e-03 
259 	 1.320559e+00 	 1.401441e+00 	 -3.467313e-03 	 -4.064678e-02 	 1.424383e-01 	 5.012224e-03 
260 	 1.320559e+00 	 1.401130e+00 	 -3.467313e-03 	 -4.064678e-02 	 1.418771e-01 	 4.836612e-03 
261 	 1.320559e+00 	 1.400821e+00 	 -3.467313e-03 	 -4.064678e-02 	 1.413203e-01 	 4.662346e-03 
262 	 1.320782e+00 	 1.400515e+00 	 -1.480957e-03 	 -4.626140e-02 	 1.407752e-01 	 4.467981e-03 
263 	 1.321982e+00 	 1.400217e+00 	 1.594672e-03 	 -3.456308e-02 	 1.402460e-01 	 4.319574e-03 
264 	 1.321982e+00 	 1.399920e+00 	 1.594672e-03 	 -3.456308e-02 	 1.397208e-01 	 4.172291e-03 
265 	 1.321982e+00 	 1.399626e+00 	 1.594672e-03 	 -3.456308e-02 	 1.391996e-01 	 4.026120e-03 
266 	 1.322713e+00 	 1.399337e+00 	 -1.038324e-02 	 -2.474560e-02 	 1.386373e-01 	 3.917955e-03 
267 	 1.321428e+00 	 1.399045e+00 	 -2.920147e-03 	 -1.054302e-02 	 1.381071e-01 	 3.863794e-03 
268 	 1.322493e+00 	 1.398760e+00 	 9.042404e-03 	 -8.168454e-03 	 1.376255e-01 	 3.818898e-03 
269 	 1.322681e+00 	 1.398477e+00 	 6.602718e-03 	 -1.851056e-03 	 1.371384e-01 	 3.797820e-03 
270 	 1.322681e+00 	 1.398196e+00 	 6.602718e-03 	 -1.851056e-03 	 1.366550e-01 	 3.776898e-03 
271 	 1.321779e+00 	 1.397914e+00 	 6.285264e-03 	 -7.694234e-03 	 1.361739e-01 	 3.734569e-03 
272 	 1.321779e+00 	 1.397634e+00 	 6.285264e-03 	 -7.694234e-03 	 1.356963e-01 	 3.692552e-03 
273 	 1.321779e+00 	 1.397356e+00 	 6.285264e-03 	 -7.694234e-03 	 1.352223e-01 	 3.650842e-03 
274 	 1.321779e+00 	 1.397081e+00 	 6.285264e-03 	 -7.694234e-03 	 1.347517e-01 	 3.609436e-03 
275 	 1.321779e+00 	 1.396807e+00 	 6.285264e-03 	 -7.694234e-03 	 1.342846e-01 	 3.568332e-03 
276 	 1.320293e+00 	 1.396530e+00 	 2.108768e-02 	 -5.836112e-03 	 1.338745e-01 	 3.534258e-03 
277 	 1.318131e+00 	 1.396247e+00 	 1.583394e-02 	 3.296280e-03 	 1.334483e-01 	 3.533399e-03 
278 	 1.318131e+00 	 1.395966e+00 	 1.583394e-02 	 3.296280e-03 	 1.330252e-01 	 3.532546e-03 
279 	 1.318131e+00 	 1.395687e+00 	 1.583394e-02 	 3.296280e-03 	 1.326052e-01 	 3.531699e-03 
280 	 1.318131e+00 	 1.395410e+00 	 1.583394e-02 	 3.296280e-03 	 1.321882e-01 	 3.530858e-03 
281 	 1.318131e+00 	 1.395135e+00 	 1.583394e-02 	 3.296280e-03 	 1.317741e-01 	 3.530024e-03 
282 	 1.318131e+00 	 1.394862e+00 	 1.583394e-02 	 3.296280e-03 	 1.313630e-01 	 3.529195e-03 
283 	 1.318131e+00 	 1.394590e+00 	 1.583394e-02 	 3.296280e-03 	 1.309547e-01 	 3.528372e-03 
284 	 1.320933e+00 	 1.394331e+00 	 2.208443e-02 	 2.618299e-03 	 1.305714e-01 	 3.525167e-03 
285 	 1.318486e+00 	 1.394065e+00 	 -4.036738e-03 	 2.751734e-02 	 1.300991e-01 	 3.609350e-03 
286 	 1.318486e+00 	 1.393801e+00 	 -4.036738e-03 	 2.751734e-02 	 1.296301e-01 	 3.692945e-03 
287 	 1.318486e+00 	 1.393538e+00 	 -4.036738e-03 	 2.751734e-02 	 1.291643e-01 	 3.775956e-03 
288 	 1.318486e+00 	 1.393278e+00 	 -4.036738e-03 	 2.751734e-02 	 1.287018e-01 	 3.858392e-03 
289 	 1.320728e+00 	 1.393027e+00 	 1.163247e-02 	 1.646146e-02 	 1.282967e-01 	 3.902001e-03 
290 	 1.320728e+00 	 1.392777e+00 	 1.163247e-02 	 1.646146e-02 	 1.278945e-01 	 3.945310e-03 
291 	 1.320728e+00 	 1.392530e+00 	 1.163247e-02 	 1.646146e-02 	 1.274949e-01 	 3.988320e-03 
292 	 1.320762e+00 	 1.392284e+00 	 1.257544e-02 	 -7.041060e-04 	 1.271014e-01 	 3.972250e-03 
293 	 1.316519e+00 	 1.392025e+00 	 7.272442e-04 	 -1.555404e-02 	 1.266701e-01 	 3.905608e-03 
294 	 1.316519e+00 	 1.391769e+00 	 7.272442e-04 	 -1.555404e-02 	 1.262417e-01 	 3.839419e-03 
295 	 1.315663e+00 	 1.391511e+00 	 -7.739199e-03 	 -2.045409e-03 	 1.257875e-01 	 3.819470e-03 
296 	 1.315663e+00 	 1.391254e+00 	 -7.739199e-03 	 -2.045409e-03 	 1.253364e-01 	 3.799656e-03 
297 	 1.312223e+00 	 1.390988e+00 	 -1.211136e-03 	 1.082480e-02 	 1.249103e-01 	 3.823310e-03 
298 	 1.310374e+00 	 1.390718e+00 	 1.366120e-02 	 1.534710e-02 	 1.245370e-01 	 3.861980e-03 
299 	 1.312894e+00 	 1.390457e+00 	 6.160586e-03 	 2.403842e-02 	 1.241411e-01 	 3.929460e-03 
300 	 1.312327e+00 	 1.390197e+00 	 1.271496e-02 	 8.045348e-03 	 1.237697e-01 	 3.943180e-03 
301 	 1.312327e+00 	 1.389938e+00 	 1.271496e-02 	 8.045348e-03 	 1.234007e-01 	 3.956808e-03 
302 	 1.316955e+00 	 1.389697e+00 	 -3.368650e-03 	 -6.603674e-03 	 1.229809e-01 	 3.921840e-03 
303 	 1.318382e+00 	 1.389461e+00 	 -3.883019e-03 	 9.564546e-03 	 1.225623e-01 	 3.940462e-03 
304 	 1.318382e+00 	 1.389227e+00 	 -3.883019e-03 	 9.564546e-03 	 1.221463e-01 	 3.958963e-03 
305 	 1.318382e+00 	 1.388995e+00 	 -3.883019e-03 	 9.564546e-03 	 1.217331e-01 	 3.977342e-03 
306 	 1.318382e+00 	 1.388764e+00 	 -3.883019e-03 	 9.564546e-03 	 1.213226e-01 	 3.995601e-03 
307 	 1.319283e+00 	 1.388538e+00 	 -2.342801e-02 	 -1.178023e-03 	 1.208511e-01 	 3.978748e-03 
308 	 1.317991e+00 	 1.388309e+00 	 8.396458e-05 	 7.229176e-03 	 1.204590e-01 	 3.989302e-03 
309 	 1.317019e+00 	 1.388078e+00 	 1.484830e-02 	 1.945368e-02 	 1.201172e-01 	 4.039348e-03 
310 	 1.317019e+00 	 1.387849e+00 	 1.484830e-02 	 1.945368e-02 	 1.197776e-01 	 4.089072e-03 
311 	 1.317019e+00 	 1.387621e+00 	 1.484830e-02 	 1.945368e-02 	 1.194402e-01 	 4.138476e-03 
312 	 1.317019e+00 	 1.387395e+00 	 1.484830e-02 	 1.945368e-02 	 1.191050e-01 	 4.187563e-03 
313 	 1.314980e+00 	 1.387164e+00 	 1.195077e-02 	 2.067647e-03 	 1.187627e-01 	 4.180790e-03 
314 	 1.314980e+00 	 1.386934e+00 	 1.195077e-02 	 2.067647e-03 	 1.184225e-01 	 4.174060e-03 
315 	 1.314390e+00 	 1.386703e+00 	 6.233185e-03 	 -1.358708e-02 	 1.180663e-01 	 4.117676e-03 
316 	 1.314390e+00 	 1.386475e+00 	 6.233185e-03 	 -1.358708e-02 	 1.177124e-01 	 4.061648e-03 
317 	 1.314390e+00 	 1.386247e+00 	 6.233185e-03 	 -1.358708e-02 	 1.173608e-01 	 4.005974e-03 
318 	 1.314390e+00 	 1.386021e+00 	 6.233185e-03 	 -1.358708e-02 	 1.170113e-01 	 3.950650e-03 
319 	 1.314390e+00 	 1.385797e+00 	 6.233185e-03 	 -1.358708e-02 	 1.166640e-01 	 3.895673e-03 
320 	 1.314390e+00 	 1.385574e+00 	 6.233185e-03 	 -1.358708e-02 	 1.163190e-01 	 3.841039e-03 
321 	 1.316608e+00 	 1.385359e+00 	 2.233772e-02 	 -4.667650e-03 	 1.160262e-01 	 3.814532e-03 
322 	 1.316608e+00 	 1.385145e+00 	 2.233772e-02 	 -4.667650e-03 	 1.157352e-01 	 3.788190e-03 
323 	 1.316608e+00 	 1.384933e+00 	 2.233772e-02 	 -4.667650e-03 	 1.154461e-01 	 3.762011e-03 
324 	 1.320653e+00 	 1.384735e+00 	 3.310639e-02 	 -2.055420e-02 	 1.151919e-01 	 3.686961e-03 
325 	 1.320653e+00 	 1.384537e+00 	 3.310639e-02 	 -2.055420e-02 	 1.149394e-01 	 3.612373e-03 
326 	 1.320653e+00 	 1.384342e+00 	 3.310639e-02 	 -2.055420e-02 	 1.146883e-01 	 3.538242e-03 
327 	 1.317916e+00 	 1.384138e+00 	 2.328078e-02 	 -1.257328e-02 	 1.144088e-01 	 3.488971e-03 
328 	 1.317026e+00 	 1.383934e+00 	 2.763275e-02 	 -1.585327e-02 	 1.141442e-01 	 3.430001e-03 
329 	 1.317026e+00 	 1.383730e+00 	 2.763275e-02 	 -1.585327e-02 	 1.138813e-01 	 3.371389e-03 
330 	 1.313740e+00 	 1.383518e+00 	 2.134059e-02 	 -3.296915e-03 	 1.136009e-01 	 3.351182e-03 
331 	 1.313740e+00 	 1.383308e+00 	 2.134059e-02 	 -3.296915e-03 	 1.133221e-01 	 3.331097e-03 
332 	 1.312888e+00 	 1.383095e+00 	 2.508718e-02 	 2.322807e-03 	 1.130564e-01 	 3.328060e-03 
333 	 1.312888e+00 	 1.382885e+00 	 2.508718e-02 	 2.322807e-03 	 1.127922e-01 	 3.325042e-03 
334 	 1.318667e+00 	 1.382692e+00 	 2.556433e-02 	 1.144315e-02 	 1.125310e-01 	 3.349347e-03 
335 	 1.319554e+00 	 1.382504e+00 	 3.617983e-02 	 1.888833e-02 	 1.123031e-01 	 3.395732e-03 
336 	 1.319554e+00 	 1.382316e+00 	 3.617983e-02 	 1.888833e-02 	 1.120766e-01 	 3.441841e-03 
337 	 1.319554e+00 	 1.382130e+00 	 3.617983e-02 	 1.888833e-02 	 1.118513e-01 	 3.487677e-03 
338 	 1.319298e+00 	 1.381944e+00 	 2.194461e-02 	 5.527259e-03 	 1.115853e-01 	 3.493711e-03 
339 	 1.319298e+00 	 1.381760e+00 	 2.194461e-02 	 5.527259e-03 	 1.113209e-01 	 3.499710e-03 
340 	 1.319298e+00 	 1.381576e+00 	 2.194461e-02 	 5.527259e-03 	 1.110580e-01 	 3.505673e-03 
341 	 1.319298e+00 	 1.381393e+00 	 2.194461e-02 	 5.527259e-03 	 1.107967e-01 	 3.511601e-03 
342 	 1.319418e+00 	 1.381212e+00 	 1.707361e-02 	 1.239615e-02 	 1.105227e-01 	 3.537580e-03 
343 	 1.319418e+00 	 1.381032e+00 	 1.707361e-02 	 1.239615e-02 	 1.102502e-01 	 3.563406e-03 
344 	 1.319418e+00 	 1.380853e+00 	 1.707361e-02 	 1.239615e-02 	 1.099794e-01 	 3.589083e-03 
345 	 1.319418e+00 	 1.380675e+00 	 1.707361e-02 	 1.239615e-02 	 1.097101e-01 	 3.614611e-03 
346 	 1.319418e+00 	 1.380498e+00 	 1.707361e-02 	 1.239615e-02 	 1.094423e-01 	 3.639991e-03 
347 	 1.319418e+00 	 1.380322e+00 	 1.707361e-02 	 1.239615e-02 	 1.091761e-01 	 3.665225e-03 
348 	 1.319418e+00 	 1.380147e+00 	 1.707361e-02 	 1.239615e-02 	 1.089115e-01 	 3.690314e-03 
349 	 1.320668e+00 	 1.379976e+00 	 2.757132e-02 	 1.234374e-03 	 1.086784e-01 	 3.683276e-03 
350 	 1.320668e+00 	 1.379807e+00 	 2.757132e-02 	 1.234374e-03 	 1.084467e-01 	 3.676280e-03 
351 	 1.320668e+00 	 1.379638e+00 	 2.757132e-02 	 1.234374e-03 	 1.082163e-01 	 3.669323e-03 
352 	 1.321624e+00 	 1.379473e+00 	 4.922467e-02 	 2.903519e-03 	 1.080487e-01 	 3.667147e-03 
353 	 1.321624e+00 	 1.379310e+00 	 4.922467e-02 	 2.903519e-03 	 1.078820e-01 	 3.664984e-03 
354 	 1.321624e+00 	 1.379147e+00 	 4.922467e-02 	 2.903519e-03 	 1.077163e-01 	 3.662833e-03 
355 	 1.319375e+00 	 1.378978e+00 	 2.972014e-02 	 2.756922e-04 	 1.074966e-01 	 3.653291e-03 
356 	 1.318339e+00 	 1.378808e+00 	 2.313810e-02 	 -2.152866e-03 	 1.072597e-01 	 3.636982e-03 
357 	 1.318339e+00 	 1.378638e+00 	 2.313810e-02 	 -2.152866e-03 	 1.070240e-01 	 3.620764e-03 
358 	 1.318339e+00 	 1.378470e+00 	 2.313810e-02 	 -2.152866e-03 	 1.067897e-01 	 3.604637e-03 
359 	 1.318339e+00 	 1.378303e+00 	 2.313810e-02 	 -2.152866e-03 	 1.065567e-01 	 3.588599e-03 
360 	 1.317887e+00 	 1.378135e+00 	 2.245683e-03 	 1.238001e-03 	 1.062670e-01 	 3.582069e-03 
361 	 1.317887e+00 	 1.377968e+00 	 2.245683e-03 	 1.238001e-03 	 1.059788e-01 	 3.575576e-03 
362 	 1.317887e+00 	 1.377802e+00 	 2.245683e-03 	 1.238001e-03 	 1.056922e-01 	 3.569119e-03 
363 	 1.317600e+00 	 1.377636e+00 	 -3.511294e-03 	 -5.513391e-04 	 1.053914e-01 	 3.557768e-03 
364 	 1.317590e+00 	 1.377471e+00 	 -7.175440e-03 	 7.222338e-06 	 1.050822e-01 	 3.548013e-03 
365 	 1.316553e+00 	 1.377304e+00 	 -1.658191e-02 	 -4.789341e-03 	 1.047488e-01 	 3.525171e-03 
366 	 1.316553e+00 	 1.377138e+00 	 -1.658191e-02 	 -4.789341e-03 	 1.044173e-01 	 3.502454e-03 
367 	 1.316553e+00 	 1.376973e+00 	 -1.658191e-02 	 -4.789341e-03 	 1.040876e-01 	 3.479861e-03 
368 	 1.316553e+00 	 1.376809e+00 	 -1.658191e-02 	 -4.789341e-03 	 1.037597e-01 	 3.457390e-03 
369 	 1.316553e+00 	 1.376646e+00 	 -1.658191e-02 	 -4.789341e-03 	 1.034336e-01 	 3.435041e-03 
370 	 1.315104e+00 	 1.376479e+00 	 -2.933306e-03 	 -1.068678e-02 	 1.031461e-01 	 3.396874e-03 
371 	 1.315104e+00 	 1.376314e+00 	 -2.933306e-03 	 -1.068678e-02 	 1.028602e-01 	 3.358913e-03 
372 	 1.315104e+00 	 1.376149e+00 	 -2.933306e-03 	 -1.068678e-02 	 1.025758e-01 	 3.321156e-03 
373 	 1.315104e+00 	 1.375986e+00 	 -2.933306e-03 	 -1.068678e-02 	 1.022929e-01 	 3.283601e-03 
374 	 1.312593e+00 	 1.375816e+00 	 3.579778e-03 	 -1.534191e-02 	 1.020290e-01 	 3.233800e-03 
375 	 1.313996e+00 	 1.375651e+00 	 1.240853e-02 	 -1.739193e-02 	 1.017900e-01 	 3.178798e-03 
376 	 1.313996e+00 	 1.375487e+00 	 1.240853e-02 	 -1.739193e-02 	 1.015523e-01 	 3.124089e-03 
377 	 1.312020e+00 	 1.375319e+00 	 1.118198e-02 	 -5.425339e-03 	 1.013126e-01 	 3.101411e-03 
378 	 1.314853e+00 	 1.375159e+00 	 1.604655e-02 	 -2.326624e-02 	 1.010870e-01 	 3.031655e-03 
379 	 1.313267e+00 	 1.374996e+00 	 6.175406e-03 	 -1.531041e-02 	 1.008366e-01 	 2.983259e-03 
380 	 1.313267e+00 	 1.374833e+00 	 6.175406e-03 	 -1.531041e-02 	 1.005875e-01 	 2.935118e-03 
381 	 1.312943e+00 	 1.374671e+00 	 1.239141e-02 	 -2.487310e-02 	 1.003560e-01 	 2.862131e-03 
382 	 1.312943e+00 	 1.374509e+00 	 1.239141e-02 	 -2.487310e-02 	 1.001257e-01 	 2.789525e-03 
383 	 1.312943e+00 	 1.374348e+00 	 1.239141e-02 	 -2.487310e-02 	 9.989664e-02 	 2.717299e-03 
384 	 1.312943e+00 	 1.374189e+00 	 1.239141e-02 	 -2.487310e-02 	 9.966876e-02 	 2.645449e-03 
385 	 1.311747e+00 	 1.374026e+00 	 1.709017e-02 	 -1.974443e-02 	 9.945428e-02 	 2.587294e-03 
386 	 1.311747e+00 	 1.373865e+00 	 1.709017e-02 	 -1.974443e-02 	 9.924090e-02 	 2.529439e-03 
387 	 1.311747e+00 	 1.373705e+00 	 1.709017e-02 	 -1.974443e-02 	 9.902862e-02 	 2.471884e-03 
388 	 1.313511e+00 	 1.373549e+00 	 3.749280e-02 	 -2.599999e-02 	 9.887002e-02 	 2.398503e-03 
389 	 1.313511e+00 	 1.373395e+00 	 3.749280e-02 	 -2.599999e-02 	 9.871224e-02 	 2.325499e-03 
390 	 1.313194e+00 	 1.373241e+00 	 4.788145e-02 	 -3.755318e-02 	 9.858191e-02 	 2.223246e-03 
391 	 1.313194e+00 	 1.373087e+00 	 4.788145e-02 	 -3.755318e-02 	 9.845224e-02 	 2.121516e-03 
392 	 1.313194e+00 	 1.372934e+00 	 4.788145e-02 	 -3.755318e-02 	 9.832323e-02 	 2.020305e-03 
393 	 1.313194e+00 	 1.372782e+00 	 4.788145e-02 	 -3.755318e-02 	 9.819488e-02 	 1.919609e-03 
394 	 1.313194e+00 	 1.372631e+00 	 4.788145e-02 	 -3.755318e-02 	 9.806718e-02 	 1.819425e-03 
395 	 1.313194e+00 	 1.372481e+00 	 4.788145e-02 	 -3.755318e-02 	 9.794013e-02 	 1.719747e-03 
396 	 1.313194e+00 	 1.372331e+00 	 4.788145e-02 	 -3.755318e-02 	 9.781372e-02 	 1.620573e-03 
397 	 1.315654e+00 	 1.372188e+00 	 3.078855e-02 	 -9.649671e-03 	 9.764489e-02 	 1.592185e-03 
398 	 1.315654e+00 	 1.372046e+00 	 3.078855e-02 	 -9.649671e-03 	 9.747691e-02 	 1.563939e-03 
399 	 1.318030e+00 	 1.371911e+00 	 3.049519e-02 	 -7.077169e-03 	 9.730903e-02 	 1.542282e-03 
400 	 1.317899e+00 	 1.371776e+00 	 1.921882e-02 	 -3.407467e-02 	 9.711381e-02 	 1.453240e-03 
