#Iter 	 TraceF3iF3iMinusF4iF4i.real 	 TraceF3iF3iMinusF4iF4i.imag 	 TraceF4iF3iPlusF3iF4i.real 	 TraceF4iF3iPlusF3iF4i.imag 
1 	 0.000000e+00 	 0.000000e+00 	 0.000000e+00 	 0.000000e+00 
2 	 -1.065727e-02 	 1.316143e-19 	 1.289049e-02 	 1.151797e-18 
3 	 1.494625e-02 	 1.551796e-18 	 -4.108149e-03 	 -1.189611e-18 
4 	 -7.111903e-03 	 -2.673239e-19 	 2.053811e-03 	 -1.621618e-18 
5 	 -2.912614e-03 	 1.762544e-18 	 -7.335356e-03 	 2.596731e-19 
6 	 -9.861194e-03 	 -9.604030e-19 	 3.103068e-02 	 4.289793e-18 
7 	 -3.128155e-02 	 -1.970750e-18 	 2.952662e-02 	 -8.653540e-19 
8 	 -2.690408e-02 	 2.945837e-18 	 -3.039521e-04 	 2.068350e-18 
9 	 1.811549e-02 	 -2.877321e-18 	 8.567962e-03 	 -3.073245e-18 
10 	 2.029589e-02 	 1.061469e-18 	 -2.651419e-02 	 -1.969634e-18 
11 	 -1.590947e-02 	 -1.536779e-18 	 -3.156067e-02 	 4.310038e-19 
12 	 -4.751685e-02 	 1.735150e-18 	 -2.219418e-02 	 4.261852e-18 
13 	 -3.485280e-02 	 -1.890661e-20 	 -3.840437e-03 	 3.881711e-20 
14 	 -3.505481e-02 	 -2.069981e-18 	 1.581932e-02 	 -1.643035e-18 
15 	 -5.114039e-02 	 -3.397047e-19 	 1.772913e-02 	 2.316980e-18 
16 	 -4.553888e-02 	 -2.459606e-18 	 5.691809e-02 	 2.212910e-18 
17 	 -2.341315e-02 	 4.676584e-18 	 -5.440988e-03 	 -4.262521e-18 
18 	 -2.426419e-02 	 3.816762e-18 	 4.238897e-02 	 2.627517e-18 
19 	 -4.903803e-03 	 -9.634215e-19 	 5.381363e-02 	 -1.161836e-18 
20 	 6.910265e-03 	 -2.850161e-19 	 3.096348e-02 	 -1.370646e-18 
21 	 6.051033e-03 	 2.208560e-19 	 5.130283e-02 	 -3.387797e-18 
22 	 -4.233178e-02 	 -7.790220e-19 	 6.743760e-02 	 2.310288e-18 
23 	 -1.412361e-02 	 -6.470391e-19 	 6.052824e-02 	 -2.617144e-18 
24 	 -2.285254e-02 	 1.313636e-18 	 2.736142e-02 	 -7.315018e-19 
25 	 -3.899529e-02 	 -1.470380e-18 	 3.317685e-02 	 2.351782e-18 
26 	 -4.616298e-02 	 -1.097943e-18 	 1.553551e-02 	 -2.986241e-18 
27 	 -1.220028e-02 	 3.048116e-19 	 2.699406e-02 	 -1.020622e-19 
28 	 -3.974923e-02 	 2.941233e-18 	 2.722492e-02 	 -2.416700e-18 
29 	 -2.367563e-02 	 1.754007e-18 	 -1.520957e-02 	 6.933540e-19 
30 	 5.531170e-03 	 -2.328141e-18 	 -2.161600e-02 	 2.089432e-18 
31 	 -6.865417e-02 	 -7.459746e-19 	 5.045539e-03 	 3.158910e-19 
32 	 -3.863574e-02 	 -1.565134e-18 	 1.400630e-02 	 5.273774e-19 
33 	 -5.432538e-02 	 -2.517236e-18 	 3.398261e-02 	 4.237423e-18 
34 	 -4.916673e-03 	 -8.768513e-19 	 1.821031e-02 	 -1.797969e-18 
35 	 -2.926296e-02 	 6.010091e-19 	 -5.823890e-02 	 -5.297198e-18 
36 	 -4.968221e-02 	 -1.485513e-18 	 -2.760746e-02 	 5.242988e-18 
37 	 -4.015078e-02 	 4.305267e-19 	 -2.814175e-03 	 -4.556326e-18 
38 	 -4.248051e-03 	 8.278244e-19 	 -2.242411e-02 	 -4.217680e-18 
39 	 7.300881e-03 	 1.115218e-18 	 1.637282e-02 	 -2.856195e-18 
40 	 -2.876178e-02 	 -1.371945e-19 	 -3.232501e-02 	 7.431470e-18 
41 	 -4.061542e-02 	 9.275124e-19 	 -1.523616e-02 	 -9.777897e-19 
42 	 -2.819856e-02 	 -1.176869e-18 	 2.589846e-03 	 -3.949307e-18 
43 	 -9.631823e-03 	 2.724178e-18 	 -4.361214e-02 	 -3.604638e-18 
44 	 -1.481310e-02 	 1.569892e-18 	 -1.748389e-02 	 3.302132e-18 
45 	 -7.019618e-03 	 2.855390e-18 	 -1.239950e-02 	 -1.612918e-19 
46 	 2.389644e-02 	 2.043216e-18 	 -3.309684e-02 	 -1.513867e-18 
47 	 3.010902e-02 	 -3.428131e-18 	 -6.673683e-03 	 1.307735e-18 
48 	 7.590985e-02 	 -4.698837e-19 	 -3.184868e-02 	 -1.057432e-19 
49 	 9.603452e-02 	 -2.120191e-18 	 -8.528911e-03 	 8.265368e-19 
50 	 4.992969e-02 	 1.237320e-18 	 -5.416252e-03 	 1.994062e-18 
51 	 2.331452e-02 	 3.140096e-18 	 4.183511e-02 	 1.878615e-18 
52 	 -1.224756e-04 	 2.190542e-18 	 2.022984e-02 	 -3.924544e-18 
53 	 -9.216750e-05 	 4.021629e-19 	 3.712805e-02 	 3.013680e-18 
54 	 3.488978e-02 	 -1.516712e-19 	 2.962459e-02 	 1.151128e-19 
55 	 -2.358577e-02 	 3.950876e-18 	 2.797138e-02 	 1.690552e-18 
56 	 -3.535668e-02 	 4.642420e-19 	 1.953031e-02 	 2.981556e-18 
57 	 -6.316030e-02 	 1.809095e-19 	 6.618108e-02 	 1.027984e-18 
58 	 -6.316030e-02 	 1.809095e-19 	 6.618108e-02 	 1.027984e-18 
59 	 -9.084333e-02 	 2.076611e-18 	 8.651635e-02 	 -6.692606e-22 
60 	 -6.244561e-02 	 -9.354198e-19 	 5.777244e-02 	 3.614007e-19 
61 	 -1.257957e-02 	 -2.968056e-18 	 2.892679e-02 	 -5.202832e-18 
62 	 -1.917054e-02 	 -7.348298e-19 	 -7.478647e-03 	 -5.089727e-19 
63 	 2.656712e-02 	 -1.204283e-18 	 -1.261602e-02 	 3.239221e-18 
64 	 2.656712e-02 	 -1.204283e-18 	 -1.261602e-02 	 3.239221e-18 
65 	 1.494760e-02 	 2.657043e-18 	 -1.610921e-02 	 -2.382568e-19 
66 	 -1.250629e-02 	 5.529687e-18 	 5.488458e-03 	 1.869245e-18 
67 	 6.505007e-03 	 -1.561683e-18 	 -2.491526e-02 	 -1.240809e-18 
68 	 9.197000e-02 	 5.359523e-19 	 -5.163991e-02 	 1.807004e-19 
69 	 3.097561e-02 	 2.659474e-18 	 -1.977771e-02 	 3.111058e-18 
70 	 6.910852e-02 	 2.653456e-18 	 -6.078896e-03 	 -3.635424e-18 
71 	 2.345818e-02 	 1.997314e-18 	 -7.826865e-02 	 -1.449618e-18 
72 	 9.576422e-03 	 3.378093e-19 	 -6.436212e-02 	 -5.772373e-19 
73 	 -4.474305e-02 	 -1.903675e-18 	 -9.416443e-02 	 7.783501e-19 
74 	 -4.348852e-02 	 -1.156231e-18 	 -9.356755e-02 	 2.211906e-19 
75 	 -2.966150e-03 	 1.864356e-18 	 -6.122141e-02 	 2.271470e-18 
76 	 -2.082304e-02 	 -2.372999e-18 	 -7.629440e-02 	 2.571634e-18 
77 	 3.220635e-02 	 3.853153e-18 	 -5.903286e-02 	 -4.075797e-19 
78 	 3.726639e-02 	 -1.910476e-18 	 -1.556249e-02 	 -3.265992e-18 
79 	 6.011573e-02 	 -1.956501e-18 	 -1.357965e-02 	 -1.017276e-19 
80 	 4.656222e-02 	 -2.712592e-18 	 1.878421e-02 	 1.647720e-18 
81 	 2.078247e-02 	 -1.786575e-18 	 -1.592675e-02 	 -1.904046e-18 
82 	 7.389099e-03 	 2.800751e-19 	 -1.222322e-02 	 -2.527797e-18 
83 	 2.881086e-02 	 1.826914e-18 	 -2.770766e-03 	 1.773541e-19 
84 	 -5.418190e-02 	 1.783914e-18 	 3.756445e-02 	 -1.447611e-18 
85 	 -2.407734e-02 	 -8.942799e-19 	 6.364749e-03 	 3.183003e-18 
86 	 -1.412138e-03 	 9.625811e-19 	 1.547532e-03 	 -3.593929e-19 
87 	 -1.412138e-03 	 9.625811e-19 	 1.547532e-03 	 -3.593929e-19 
88 	 6.165542e-02 	 5.732844e-19 	 -6.989413e-03 	 4.220357e-18 
89 	 8.865715e-02 	 3.870533e-18 	 -3.898717e-02 	 1.687206e-18 
90 	 7.579699e-02 	 1.185334e-18 	 -1.865393e-02 	 -1.713307e-18 
91 	 5.087832e-02 	 5.288811e-18 	 2.809786e-02 	 6.933540e-19 
92 	 3.636905e-02 	 -1.299275e-18 	 3.427154e-02 	 -1.434895e-18 
93 	 4.842054e-02 	 2.904120e-18 	 2.125199e-02 	 1.276280e-18 
94 	 1.945177e-02 	 2.830685e-19 	 5.175866e-02 	 -2.565945e-18 
95 	 4.748453e-02 	 -2.492787e-18 	 6.942466e-02 	 -9.178909e-19 
96 	 9.396597e-02 	 -5.027271e-19 	 5.007437e-02 	 8.044512e-19 
97 	 1.056431e-01 	 -2.058001e-18 	 5.348016e-02 	 -3.532357e-18 
98 	 1.070252e-01 	 -1.554986e-18 	 4.944180e-02 	 1.167525e-18 
99 	 6.315722e-02 	 7.446642e-19 	 3.519981e-03 	 2.525120e-18 
100 	 6.218313e-02 	 -2.313908e-18 	 5.603901e-02 	 1.338521e-19 
101 	 6.218313e-02 	 -2.313908e-18 	 5.603901e-02 	 1.338521e-19 
102 	 4.388046e-02 	 -2.147961e-19 	 -7.102352e-03 	 -3.828171e-19 
103 	 1.968043e-02 	 1.229939e-18 	 3.145427e-02 	 -1.248171e-18 
104 	 5.991818e-02 	 -4.389925e-18 	 -1.262507e-02 	 4.109260e-19 
105 	 3.866524e-02 	 -4.860487e-18 	 -4.632941e-02 	 -1.914085e-18 
106 	 3.537271e-02 	 2.481367e-18 	 -1.009449e-02 	 -3.244575e-18 
107 	 4.788732e-03 	 -9.859705e-19 	 8.398242e-03 	 1.805665e-18 
108 	 1.233733e-02 	 3.173453e-18 	 1.764162e-02 	 2.398630e-18 
109 	 3.028168e-02 	 -4.256363e-18 	 3.212030e-02 	 -3.875019e-18 
110 	 3.028168e-02 	 -4.256363e-18 	 3.212030e-02 	 -3.875019e-18 
111 	 3.028168e-02 	 -4.256363e-18 	 3.212030e-02 	 -3.875019e-18 
112 	 -3.952539e-03 	 3.633960e-18 	 4.408489e-02 	 -5.532108e-18 
113 	 1.316870e-02 	 -3.259618e-18 	 -1.295480e-02 	 1.690552e-18 
114 	 -1.022555e-03 	 -7.727398e-19 	 -9.839738e-03 	 -4.872217e-19 
115 	 -1.001301e-02 	 1.750535e-18 	 -2.166018e-02 	 -1.600871e-18 
116 	 -4.649338e-02 	 7.188695e-19 	 3.220305e-02 	 1.713307e-18 
117 	 -6.026232e-02 	 4.236001e-19 	 4.584674e-02 	 1.310412e-18 
118 	 -4.920330e-02 	 -2.162473e-18 	 -1.134328e-02 	 1.799976e-18 
119 	 -1.982595e-02 	 1.919183e-18 	 4.238992e-03 	 -4.684824e-20 
120 	 2.988743e-03 	 2.148457e-18 	 -1.550276e-02 	 -3.317525e-18 
121 	 7.093699e-03 	 -2.164546e-18 	 1.203052e-02 	 -1.523070e-18 
122 	 -1.106694e-03 	 5.675623e-18 	 -2.903262e-02 	 -7.094162e-19 
1233663e-03 	 -3.919023e-18 
124 	 2.389749e-02 	 1.605676e-18 	 4.072205e-02 	 -1.670809e-18 
125 	 -1.590377e-02 	 1.928276e-18 	 5.649774e-02 	 3.747190e-18 
126 	 -6.209370e-02 	 -2.619740e-18 	 9.109650e-02 	 -2.737276e-18 
127 	 -1.725538e-02 	 -3.631335e-18 	 6.360160e-02 	 -2.839338e-18 
128 	 -5.685682e-02 	 -9.219235e-19 	 3.483503e-02 	 2.220941e-18 
129 	 -4.689326e-02 	 -1.217678e-18 	 7.253212e-02 	 2.773416e-18 
130 	 -7.876923e-02 	 -1.115061e-18 	 8.385045e-02 	 -4.176186e-19 
131 	 -4.658517e-03 	 -7.915575e-19 	 5.656143e-02 	 2.098132e-18 
132 	 -7.864685e-03 	 1.512330e-18 	 2.635979e-02 	 -5.953073e-19 
133 	 3.094221e-02 	 -2.194401e-18 	 3.551720e-02 	 4.859501e-18 
134 	 4.902914e-02 	 -3.050348e-18 	 5.398311e-02 	 2.409338e-20 
135 	 6.207266e-02 	 4.586997e-19 	 3.970994e-02 	 -4.229727e-19 
136 	 2.581184e-02 	 7.150893e-20 	 9.853642e-03 	 1.663782e-18 
137 	 2.797512e-02 	 -7.219727e-19 	 5.457667e-02 	 -9.182255e-19 
138 	 1.507112e-02 	 1.612227e-18 	 5.414890e-02 	 -9.100271e-19 
139 	 9.743372e-03 	 -4.653406e-18 	 4.608191e-02 	 4.129171e-18 
140 	 -3.448046e-02 	 -1.434816e-18 	 2.069627e-02 	 4.082490e-19 
141 	 9.811902e-04 	 2.333908e-18 	 5.954747e-02 	 -5.079688e-19 
142 	 -2.459302e-02 	 -3.699894e-18 	 -7.738732e-04 	 1.392731e-18 
143 	 4.047119e-02 	 -3.627843e-18 	 -1.507190e-02 	 1.940856e-19 
144 	 7.899680e-02 	 -3.493394e-18 	 5.615273e-02 	 2.543190e-20 
145 	 6.132212e-02 	 1.366703e-19 	 4.980028e-02 	 -4.577743e-19 
146 	 1.558536e-02 	 -4.389821e-18 	 4.451958e-02 	 -1.302381e-18 
147 	 4.552206e-02 	 -3.054652e-19 	 4.051246e-02 	 -2.208560e-18 
148 	 4.552206e-02 	 -3.054652e-19 	 4.051246e-02 	 -2.208560e-18 
149 	 4.302802e-02 	 -1.937508e-18 	 2.746754e-02 	 3.105369e-18 
150 	 3.513821e-02 	 5.714952e-18 	 9.881877e-03 	 2.770739e-18 
151 	 4.755697e-02 	 -2.880209e-18 	 1.193502e-02 	 1.626303e-18 
152 	 4.755697e-02 	 -2.880209e-18 	 1.193502e-02 	 1.626303e-18 
153 	 2.864506e-02 	 4.222266e-18 	 2.258644e-02 	 -1.206677e-18 
154 	 -2.471043e-02 	 -2.328062e-18 	 4.946135e-02 	 -4.062412e-18 
155 	 -1.253931e-03 	 2.397357e-18 	 4.386771e-02 	 -2.358474e-18 
156 	 -2.040569e-02 	 -2.315438e-18 	 6.344801e-02 	 -3.084622e-18 
157 	 -1.226741e-02 	 -1.685240e-18 	 9.860157e-03 	 -2.053961e-18 
158 	 -2.222991e-02 	 -5.505400e-19 	 3.299152e-02 	 -1.885307e-18 
159 	 -1.301024e-02 	 1.059575e-18 	 1.034384e-02 	 -2.312295e-19 
160 	 -5.754398e-02 	 1.673047e-18 	 -2.974585e-02 	 -1.638015e-18 
161 	 -3.695886e-02 	 5.994431e-19 	 -3.169959e-02 	 2.395618e-18 
162 	 -3.259234e-02 	 7.051079e-19 	 -2.763325e-02 	 2.379891e-18 
163 	 3.124313e-02 	 -1.282544e-18 	 -1.914410e-02 	 -2.673027e-18 
164 	 5.609349e-02 	 -7.599049e-19 	 -4.631886e-02 	 -4.872217e-18 
165 	 6.354959e-02 	 -3.703593e-19 	 -5.421508e-02 	 7.642956e-19 
166 	 5.864283e-02 	 1.154744e-18 	 -4.871833e-02 	 -1.337852e-18 
167 	 6.188884e-02 	 1.987160e-18 	 -5.012981e-02 	 -1.359268e-18 
168 	 6.022716e-02 	 -2.012801e-18 	 -6.791905e-02 	 8.285446e-19 
169 	 4.733026e-02 	 2.845267e-18 	 -6.977870e-02 	 -2.337727e-18 
170 	 4.733026e-02 	 2.845267e-18 	 -6.977870e-02 	 -2.337727e-18 
171 	 5.419268e-02 	 -4.445187e-18 	 -5.093190e-02 	 3.503579e-19 
172 	 1.048577e-01 	 -2.545548e-18 	 -2.761931e-02 	 1.927471e-18 
173 	 1.064338e-01 	 -7.820101e-19 	 4.865573e-03 	 1.202661e-18 
174 	 9.871854e-02 	 1.060830e-18 	 -1.122274e-02 	 6.076886e-19 
175 	 1.065197e-01 	 1.535849e-19 	 -3.713729e-03 	 -6.070194e-18 
176 	 7.398880e-02 	 2.351071e-18 	 -1.060268e-02 	 -4.646007e-18 
177 	 8.688984e-02 	 1.027684e-18 	 -1.416515e-02 	 5.702100e-19 
178 	 8.688984e-02 	 1.027684e-18 	 -1.416515e-02 	 5.702100e-19 
179 	 8.751446e-02 	 1.867373e-18 	 3.654746e-03 	 -1.034677e-18 
180 	 8.751446e-02 	 1.867373e-18 	 3.654746e-03 	 -1.034677e-18 
181 	 5.525918e-02 	 5.612294e-18 	 -1.194417e-03 	 -3.303470e-18 
182 	 5.525918e-02 	 5.612294e-18 	 -1.194417e-03 	 -3.303470e-18 
183 	 7.677308e-02 	 -2.135778e-19 	 1.399530e-02 	 -2.013136e-18 
184 	 4.791685e-02 	 2.173293e-18 	 -1.942899e-02 	 2.336389e-18 
185 	 6.961018e-03 	 -3.074792e-18 	 2.143915e-02 	 -1.837120e-18 
186 	 2.671685e-02 	 -1.066919e-18 	 2.493506e-02 	 -3.113400e-18 
187 	 1.276539e-02 	 2.006650e-18 	 5.139651e-02 	 -2.856404e-18 
188 	 2.749570e-02 	 -1.240140e-18 	 6.992344e-02 	 1.163259e-18 
189 	 2.749570e-02 	 -1.240140e-18 	 6.992344e-02 	 1.163259e-18 
190 	 7.317930e-02 	 4.260042e-18 	 3.261660e-02 	 -1.401432e-18 
191 	 4.213257e-02 	 -3.140941e-18 	 -2.461033e-03 	 3.011003e-18 
192 	 4.573450e-02 	 9.126216e-19 	 -3.681741e-02 	 1.004560e-18 
193 	 5.938632e-03 	 7.600970e-19 	 -1.291894e-02 	 -3.373073e-19 
194 	 3.868621e-03 	 -1.662422e-18 	 -1.195974e-02 	 -6.987081e-19 
195 	 4.061718e-02 	 -7.998030e-19 	 -1.045926e-02 	 -6.779610e-19 
196 	 4.061718e-02 	 -7.998030e-19 	 -1.045926e-02 	 -6.779610e-19 
197 	 3.480747e-02 	 -4.553084e-18 	 -3.289083e-02 	 1.699253e-18 
198 	 3.607039e-02 	 9.364211e-19 	 4.817726e-03 	 -3.357011e-18 
199 	 3.607039e-02 	 9.364211e-19 	 4.817726e-03 	 -3.357011e-18 
200 	 3.341401e-02 	 -2.059064e-18 	 2.112694e-02 	 4.137034e-18 
201 	 3.341401e-02 	 -2.059064e-18 	 2.112694e-02 	 4.137034e-18 
202 	 1.839133e-02 	 -3.519391e-18 	 8.073569e-03 	 5.702100e-19 
203 	 1.839133e-02 	 -3.519391e-18 	 8.073569e-03 	 5.702100e-19 
204 	 2.248861e-02 	 -7.729803e-19 	 4.282776e-02 	 -4.454599e-18 
205 	 3.251652e-02 	 2.559860e-18 	 3.455030e-02 	 2.679050e-18 
206 	 1.645083e-02 	 -2.310518e-18 	 2.185604e-02 	 1.753463e-18 
207 	 3.006316e-02 	 4.979710e-18 	 1.232800e-02 	 -1.548669e-18 
208 	 3.006316e-02 	 4.979710e-18 	 1.232800e-02 	 -1.548669e-18 
209 	 3.006316e-02 	 4.979710e-18 	 1.232800e-02 	 -1.548669e-18 
210 	 3.472435e-02 	 -7.623087e-19 	 1.277372e-02 	 -1.380015e-18 
211 	 4.800897e-02 	 -5.411014e-18 	 -1.290861e-02 	 5.882801e-19 
212 	 9.859402e-02 	 6.126767e-19 	 -3.407413e-02 	 4.633291e-18 
213 	 6.297710e-02 	 1.815579e-18 	 -1.520849e-02 	 -1.659766e-19 
214 	 4.249234e-02 	 -6.219732e-19 	 -1.357773e-03 	 1.677167e-18 
215 	 1.961412e-02 	 -7.290993e-19 	 3.631368e-02 	 5.809182e-19 
216 	 3.256109e-02 	 2.935377e-18 	 6.565687e-02 	 3.587237e-19 
217 	 3.256109e-02 	 2.935377e-18 	 6.565687e-02 	 3.587237e-19 
218 	 1.767836e-02 	 -7.589258e-19 	 6.231879e-02 	 -3.560466e-19 
219 	 5.102015e-02 	 4.665361e-18 	 6.558583e-02 	 2.681058e-18 
220 	 2.168902e-02 	 -2.610895e-18 	 5.105032e-02 	 2.179113e-18 
221 	 8.760444e-03 	 -1.519925e-18 	 5.432782e-02 	 -1.025977e-18 
222 	 -1.123940e-02 	 3.450974e-18 	 5.988702e-02 	 -2.470241e-18 
223 	 7.932630e-03 	 -3.354867e-18 	 -1.453076e-02 	 5.815875e-19 
224 	 9.800237e-03 	 4.421964e-18 	 -3.297309e-02 	 1.528926e-18 
225 	 4.462814e-02 	 1.358382e-18 	 -2.205023e-03 	 1.305058e-19 
226 	 4.462814e-02 	 1.358382e-18 	 -2.205023e-03 	 1.305058e-19 
227 	 9.348437e-03 	 -3.184948e-19 	 -5.562132e-02 	 -4.273229e-18 
228 	 9.348437e-03 	 -3.184948e-19 	 -5.562132e-02 	 -4.273229e-18 
229 	 9.543544e-03 	 -2.789630e-18 	 -5.064906e-02 	 -8.067937e-19 
230 	 9.543544e-03 	 -2.789630e-18 	 -5.064906e-02 	 -8.067937e-19 
231 	 9.543544e-03 	 -2.789630e-18 	 -5.064906e-02 	 -8.067937e-19 
232 	 4.185335e-02 	 -1.225071e-18 	 -8.305132e-02 	 1.679844e-19 
233 	 6.655103e-03 	 -1.856173e-18 	 -3.966267e-02 	 -7.950816e-19 
234 	 4.320684e-03 	 -1.975657e-18 	 -3.212254e-02 	 3.350319e-18 
235 	 1.117028e-02 	 2.218633e-18 	 -8.181012e-02 	 -2.569961e-19 
236 	 4.371983e-02 	 4.265829e-18 	 -7.654427e-02 	 -1.099595e-18 
237 	 4.582059e-02 	 1.834820e-19 	 -4.780763e-02 	 -2.911284e-18 
238 	 3.740738e-02 	 -3.294501e-19 	 -5.325728e-02 	 2.507218e-19 
239 	 -2.246956e-02 	 5.932080e-19 	 -6.765470e-02 	 5.275279e-18 
240 	 -5.470852e-03 	 -9.825844e-20 	 -7.464562e-02 	 1.962272e-18 
241 	 -5.470852e-03 	 -9.825844e-20 	 -7.464562e-02 	 1.962272e-18 
242 	 -6.095924e-03 	 -4.571391e-18 	 -6.290665e-02 	 3.562767e-20 
243 	 -1.098262e-02 	 -1.922171e-18 	 -4.387230e-02 	 6.431594e-18 
244 	 -2.220259e-02 	 -2.203985e-19 	 -3.758757e-02 	 -3.453385e-18 
245 	 -2.220259e-02 	 -2.203985e-19 	 -3.758757e-02 	 -3.453385e-18 
246 	 1.047698e-02 -3.510812e-02 	 -3.810122e-18 	 6.747937e-02 	 1.184591e-18 
247 	 -3.967812e-02 	 1.984828e-18 	 8.222188e-02 	 4.490739e-19 
248 	 -3.905646e-02 	 -4.319170e-18 	 7.675318e-02 	 -2.204544e-18 
249 	 -3.905646e-02 	 -4.319170e-18 	 7.675318e-02 	 -2.204544e-18 
250 	 -1.430714e-02 	 -2.243704e-18 	 6.015573e-02 	 4.975953e-19 
251 	 5.860695e-03 	 2.469289e-18 	 1.801659e-02 	 1.919439e-18 
252 	 5.860695e-03 	 2.469289e-18 	 1.801659e-02 	 1.919439e-18 
253 	 5.860695e-03 	 2.469289e-18 	 1.801659e-02 	 1.919439e-18 
254 	 -5.231408e-03 	 -2.539190e-19 	 -1.183531e-02 	 -3.482832e-18 
255 	 -2.672830e-02 	 4.204421e-18 	 4.606354e-02 	 -1.207346e-18 
256 	 -3.771105e-02 	 9.177478e-19 	 3.856175e-03 	 3.265992e-19 
257 	 -1.184166e-02 	 1.603925e-18 	 6.465205e-02 	 3.091984e-19 
258 	 -1.808218e-02 	 -1.518166e-19 	 6.398299e-02 	 -6.143812e-19 
259 	 -1.808218e-02 	 -1.518166e-19 	 6.398299e-02 	 -6.143812e-19 
260 	 -1.808218e-02 	 -1.518166e-19 	 6.398299e-02 	 -6.143812e-19 
261 	 -1.808218e-02 	 -1.518166e-19 	 6.398299e-02 	 -6.143812e-19 
262 	 -3.226301e-02 	 -5.236964e-19 	 5.778049e-02 	 1.966957e-18 
263 	 1.709514e-02 	 -6.361139e-19 	 6.880846e-02 	 -6.900077e-19 
264 	 1.709514e-02 	 -6.361139e-19 	 6.880846e-02 	 -6.900077e-19 
265 	 1.709514e-02 	 -6.361139e-19 	 6.880846e-02 	 -6.900077e-19 
266 	 -7.925333e-03 	 1.351195e-18 	 5.694596e-02 	 1.804996e-18 
267 	 8.625672e-04 	 -2.517753e-19 	 2.879869e-02 	 1.482412e-19 
268 	 -1.106142e-02 	 -2.459365e-18 	 4.861770e-02 	 -3.918521e-18 
269 	 -3.646374e-02 	 1.376010e-18 	 3.635940e-02 	 8.844279e-19 
270 	 -3.646374e-02 	 1.376010e-18 	 3.635940e-02 	 8.844279e-19 
271 	 -7.657277e-03 	 -9.282435e-19 	 3.040972e-02 	 -3.631408e-18 
272 	 -7.657277e-03 	 -9.282435e-19 	 3.040972e-02 	 -3.631408e-18 
273 	 -7.657277e-03 	 -9.282435e-19 	 3.040972e-02 	 -3.631408e-18 
274 	 -7.657277e-03 	 -9.282435e-19 	 3.040972e-02 	 -3.631408e-18 
275 	 -7.657277e-03 	 -9.282435e-19 	 3.040972e-02 	 -3.631408e-18 
276 	 -1.915835e-03 	 3.678833e-18 	 4.847202e-02 	 -2.573976e-18 
277 	 2.808291e-02 	 4.700928e-19 	 3.387073e-02 	 6.642411e-18 
278 	 2.808291e-02 	 4.700928e-19 	 3.387073e-02 	 6.642411e-18 
279 	 2.808291e-02 	 4.700928e-19 	 3.387073e-02 	 6.642411e-18 
280 	 2.808291e-02 	 4.700928e-19 	 3.387073e-02 	 6.642411e-18 
281 	 2.808291e-02 	 4.700928e-19 	 3.387073e-02 	 6.642411e-18 
282 	 2.808291e-02 	 4.700928e-19 	 3.387073e-02 	 6.642411e-18 
283 	 2.808291e-02 	 4.700928e-19 	 3.387073e-02 	 6.642411e-18 
284 	 2.171825e-02 	 6.296787e-20 	 9.974993e-03 	 6.423563e-18 
285 	 -1.601580e-02 	 3.343182e-18 	 -1.211009e-02 	 2.820933e-18 
286 	 -1.601580e-02 	 3.343182e-18 	 -1.211009e-02 	 2.820933e-18 
287 	 -1.601580e-02 	 3.343182e-18 	 -1.211009e-02 	 2.820933e-18 
288 	 -1.601580e-02 	 3.343182e-18 	 -1.211009e-02 	 2.820933e-18 
289 	 -4.189228e-03 	 -3.225418e-19 	 3.670813e-02 	 -2.972856e-18 
290 	 -4.189228e-03 	 -3.225418e-19 	 3.670813e-02 	 -2.972856e-18 
291 	 -4.189228e-03 	 -3.225418e-19 	 3.670813e-02 	 -2.972856e-18 
292 	 -1.409515e-02 	 2.304711e-18 	 1.032787e-01 	 3.297447e-18 
293 	 3.439925e-02 	 -9.304709e-19 	 8.830432e-02 	 -5.121182e-18 
294 	 3.439925e-02 	 -9.304709e-19 	 8.830432e-02 	 -5.121182e-18 
295 	 3.417499e-02 	 -3.014595e-18 	 9.247237e-02 	 -1.705276e-18 
296 	 3.417499e-02 	 -3.014595e-18 	 9.247237e-02 	 -1.705276e-18 
297 	 1.649163e-02 	 1.834715e-18 	 8.468537e-02 	 -1.072155e-18 
298 	 1.855372e-02 	 -1.108191e-18 	 2.206482e-02 	 7.415407e-19 
299 	 2.993241e-02 	 4.796219e-18 	 -6.042582e-03 	 1.181914e-18 
300 	 -2.504426e-02 	 -1.481889e-18 	 -3.343157e-02 	 1.097587e-18 
301 	 -2.504426e-02 	 -1.481889e-18 	 -3.343157e-02 	 1.097587e-18 
302 	 -2.616990e-02 	 -2.834549e-18 	 -4.655243e-02 	 -2.399969e-18 
303 	 1.769413e-02 	 -8.800725e-19 	 -7.172034e-02 	 -1.252521e-18 
304 	 1.769413e-02 	 -8.800725e-19 	 -7.172034e-02 	 -1.252521e-18 
305 	 1.769413e-02 	 -8.800725e-19 	 -7.172034e-02 	 -1.252521e-18 
306 	 1.769413e-02 	 -8.800725e-19 	 -7.172034e-02 	 -1.252521e-18 
307 	 -1.122530e-02 	 -4.491397e-18 	 3.034414e-02 	 2.039237e-18 
308 	 2.976096e-02 	 -5.383833e-18 	 1.109112e-02 	 8.392528e-19 
309 	 2.301466e-02 	 2.198291e-18 	 -6.802373e-02 	 6.920155e-19 
310 	 2.301466e-02 	 2.198291e-18 	 -6.802373e-02 	 6.920155e-19 
311 	 2.301466e-02 	 2.198291e-18 	 -6.802373e-02 	 6.920155e-19 
312 	 2.301466e-02 	 2.198291e-18 	 -6.802373e-02 	 6.920155e-19 
313 	 3.790670e-02 	 1.659347e-18 	 -7.465982e-02 	 -3.898443e-18 
314 	 3.790670e-02 	 1.659347e-18 	 -7.465982e-02 	 -3.898443e-18 
315 	 4.725266e-02 	 -1.392020e-18 	 -3.875305e-02 	 1.463004e-18 
316 	 4.725266e-02 	 -1.392020e-18 	 -3.875305e-02 	 1.463004e-18 
317 	 4.725266e-02 	 -1.392020e-18 	 -3.875305e-02 	 1.463004e-18 
318 	 4.725266e-02 	 -1.392020e-18 	 -3.875305e-02 	 1.463004e-18 
319 	 4.725266e-02 	 -1.392020e-18 	 -3.875305e-02 	 1.463004e-18 
320 	 4.725266e-02 	 -1.392020e-18 	 -3.875305e-02 	 1.463004e-18 
321 	 6.949973e-02 	 3.260951e-18 	 -1.966219e-02 	 1.410132e-18 
322 	 6.949973e-02 	 3.260951e-18 	 -1.966219e-02 	 1.410132e-18 
323 	 6.949973e-02 	 3.260951e-18 	 -1.966219e-02 	 1.410132e-18 
324 	 5.870152e-02 	 -3.309400e-18 	 -9.946003e-03 	 -1.019953e-18 
325 	 5.870152e-02 	 -3.309400e-18 	 -9.946003e-03 	 -1.019953e-18 
326 	 5.870152e-02 	 -3.309400e-18 	 -9.946003e-03 	 -1.019953e-18 
327 	 1.994522e-02 	 3.820996e-18 	 1.224034e-02 	 2.057307e-18 
328 	 -6.931423e-03 	 -1.261452e-18 	 2.024555e-02 	 1.353245e-18 
329 	 -6.931423e-03 	 -1.261452e-18 	 2.024555e-02 	 1.353245e-18 
330 	 9.275850e-03 	 -6.006091e-20 	 5.370770e-02 	 2.796171e-18 
331 	 9.275850e-03 	 -6.006091e-20 	 5.370770e-02 	 2.796171e-18 
332 	 1.851530e-02 	 1.165381e-18 	 6.580354e-02 	 -1.394739e-18 
333 	 1.851530e-02 	 1.165381e-18 	 6.580354e-02 	 -1.394739e-18 
334 	 1.916136e-02 	 -2.312073e-19 	 6.195847e-02 	 -2.037229e-18 
335 	 2.251956e-02 	 9.964245e-19 	 2.913070e-02 	 -1.437572e-18 
336 	 2.251956e-02 	 9.964245e-19 	 2.913070e-02 	 -1.437572e-18 
337 	 2.251956e-02 	 9.964245e-19 	 2.913070e-02 	 -1.437572e-18 
338 	 3.770018e-02 	 -4.046857e-19 	 4.319810e-02 	 3.268000e-18 
339 	 3.770018e-02 	 -4.046857e-19 	 4.319810e-02 	 3.268000e-18 
340 	 3.770018e-02 	 -4.046857e-19 	 4.319810e-02 	 3.268000e-18 
341 	 3.770018e-02 	 -4.046857e-19 	 4.319810e-02 	 3.268000e-18 
342 	 9.378520e-02 	 -9.361737e-19 	 4.537474e-02 	 5.765011e-18 
343 	 9.378520e-02 	 -9.361737e-19 	 4.537474e-02 	 5.765011e-18 
344 	 9.378520e-02 	 -9.361737e-19 	 4.537474e-02 	 5.765011e-18 
345 	 9.378520e-02 	 -9.361737e-19 	 4.537474e-02 	 5.765011e-18 
346 	 9.378520e-02 	 -9.361737e-19 	 4.537474e-02 	 5.765011e-18 
347 	 9.378520e-02 	 -9.361737e-19 	 4.537474e-02 	 5.765011e-18 
348 	 9.378520e-02 	 -9.361737e-19 	 4.537474e-02 	 5.765011e-18 
349 	 6.555654e-02 	 9.386589e-19 	 1.092002e-02 	 4.199610e-18 
350 	 6.555654e-02 	 9.386589e-19 	 1.092002e-02 	 4.199610e-18 
351 	 6.555654e-02 	 9.386589e-19 	 1.092002e-02 	 4.199610e-18 
352 	 6.302217e-02 	 -2.013638e-18 	 -1.150775e-02 	 9.337859e-19 
353 	 6.302217e-02 	 -2.013638e-18 	 -1.150775e-02 	 9.337859e-19 
354 	 6.302217e-02 	 -2.013638e-18 	 -1.150775e-02 	 9.337859e-19 
355 	 3.414606e-02 	 6.666066e-18 	 3.171346e-02 	 -4.751750e-19 
356 	 6.284448e-04 	 2.724370e-18 	 2.747355e-02 	 2.564607e-18 
357 	 6.284448e-04 	 2.724370e-18 	 2.747355e-02 	 2.564607e-18 
358 	 6.284448e-04 	 2.724370e-18 	 2.747355e-02 	 2.564607e-18 
359 	 6.284448e-04 	 2.724370e-18 	 2.747355e-02 	 2.564607e-18 
360 	 2.127243e-02 	 -1.630303e-18 	 1.023230e-02 	 4.401727e-18 
361 	 2.127243e-02 	 -1.630303e-18 	 1.023230e-02 	 4.401727e-18 
362 	 2.127243e-02 	 -1.630303e-18 	 1.023230e-02 	 4.401727e-18 
363 	 4.528090e-02 	 -3.639439e-18 	 6.769645e-04 	 -2.851050e-19 
364 	 3.925654e-02 	 -1.559158e-18 	 1.240123e-02 	 2.307611e-18 
365 	 2.241879e-02 	 2.253443e-18 	 1.639731e-02 	 1.412140e-18 
366 	 2.241879e-02 	 2.253443e-18 	 1.639731e-02 	 1.412140e-18 
367 	 2.241879e-02 	 2.253443e-18 	 1.639731e-02 	 1.412140e-18 
368 	 2.241879e-02 	 2.253443e-18 	 1.639731e-02 	 1.412140e-18 
369 	 2.241879e-3.921867e-18 
368 	 -8.577124e-03 	 -1.336652e-18 	 -1.891595e-02 	 -3.921867e-18 
369 	 -8.577124e-03 	 -1.336652e-18 	 -1.891595e-02 	 -3.921867e-18 
370 	 -1.531248e-02 	 1.805616e-18 	 -4.590967e-02 	 -1.635673e-18 
371 	 -1.531248e-02 	 1.805616e-18 	 -4.590967e-02 	 -1.635673e-18 
372 	 -1.531248e-02 	 1.805616e-18 	 -4.590967e-02 	 -1.635673e-18 
373 	 -1.531248e-02 	 1.805616e-18 	 -4.590967e-02 	 -1.635673e-18 
374 	 3.948817e-03 	 7.031618e-18 	 -2.579391e-02 	 -1.880622e-19 
375 	 2.536357e-03 	 -1.607449e-18 	 -5.858050e-02 	 -1.755136e-19 
376 	 2.536357e-03 	 -1.607449e-18 	 -5.858050e-02 	 -1.755136e-19 
377 	 6.603410e-02 	 3.968168e-18 	 -6.940241e-03 	 3.174972e-18 
378 	 2.411673e-02 	 3.060869e-18 	 -4.574101e-03 	 3.541058e-18 
379 	 2.912207e-03 	 -1.622879e-18 	 -5.673545e-02 	 -6.317820e-19 
380 	 2.912207e-03 	 -1.622879e-18 	 -5.673545e-02 	 -6.317820e-19 
381 	 -9.347886e-03 	 9.222463e-19 	 -9.787156e-03 	 -1.803657e-18 
382 	 -9.347886e-03 	 9.222463e-19 	 -9.787156e-03 	 -1.803657e-18 
383 	 -9.347886e-03 	 9.222463e-19 	 -9.787156e-03 	 -1.803657e-18 
384 	 -9.347886e-03 	 9.222463e-19 	 -9.787156e-03 	 -1.803657e-18 
385 	 -1.101255e-02 	 -2.205716e-18 	 -2.727404e-02 	 4.492077e-18 
386 	 -1.101255e-02 	 -2.205716e-18 	 -2.727404e-02 	 4.492077e-18 
387 	 -1.101255e-02 	 -2.205716e-18 	 -2.727404e-02 	 4.492077e-18 
388 	 -1.663315e-02 	 4.769491e-18 	 -6.180834e-02 	 5.136575e-20 
389 	 -1.663315e-02 	 4.769491e-18 	 -6.180834e-02 	 5.136575e-20 
390 	 -2.051085e-02 	 4.302195e-19 	 -6.195933e-03 	 -5.554863e-19 
391 	 -2.051085e-02 	 4.302195e-19 	 -6.195933e-03 	 -5.554863e-19 
392 	 -2.051085e-02 	 4.302195e-19 	 -6.195933e-03 	 -5.554863e-19 
393 	 -2.051085e-02 	 4.302195e-19 	 -6.195933e-03 	 -5.554863e-19 
394 	 -2.051085e-02 	 4.302195e-19 	 -6.195933e-03 	 -5.554863e-19 
395 	 -2.051085e-02 	 4.302195e-19 	 -6.195933e-03 	 -5.554863e-19 
396 	 -2.051085e-02 	 4.302195e-19 	 -6.195933e-03 	 -5.554863e-19 
397 	 -2.878550e-02 	 -4.166566e-19 	 -3.383279e-02 	 3.584560e-18 
398 	 -2.878550e-02 	 -4.166566e-19 	 -3.383279e-02 	 3.584560e-18 
399 	 -5.198812e-02 	 1.165517e-18 	 -2.481818e-02 	 -3.439999e-19 
400 	 -1.439525e-02 	 -1.820831e-18 	 -2.456324e-02 	 -1.792280e-18 
1.618926e-18 	 -7.693792e-02 	 7.067392e-19 
.352135e-02 	 -2.970942e-19 	 7.466239e-03 	 -2.961478e-18 
